A[C>A]A	A[C>A]C	A[C>A]G	A[C>A]T	C[C>A]A	C[C>A]C	C[C>A]G	C[C>A]T	G[C>A]A	G[C>A]C	G[C>A]G	G[C>A]T	T[C>A]A	T[C>A]C	T[C>A]G	T[C>A]T	A[C>G]A	A[C>G]C	A[C>G]G	A[C>G]T	C[C>G]A	C[C>G]C	C[C>G]G	C[C>G]T	G[C>G]A	G[C>G]C	G[C>G]G	G[C>G]T	T[C>G]A	T[C>G]C	T[C>G]G	T[C>G]T	A[C>T]A	A[C>T]C	A[C>T]G	A[C>T]T	C[C>T]A	C[C>T]C	C[C>T]G	C[C>T]T	G[C>T]A	G[C>T]C	G[C>T]G	G[C>T]T	T[C>T]A	T[C>T]C	T[C>T]G	T[C>T]T	A[T>A]A	A[T>A]C	A[T>A]G	A[T>A]T	C[T>A]A	C[T>A]C	C[T>A]G	C[T>A]T	G[T>A]A	G[T>A]C	G[T>A]G	G[T>A]T	T[T>A]A	T[T>A]C	T[T>A]G	T[T>A]T	A[T>C]A	A[T>C]C	A[T>C]G	A[T>C]T	C[T>C]A	C[T>C]C	C[T>C]G	C[T>C]T	G[T>C]A	G[T>C]C	G[T>C]G	G[T>C]T	T[T>C]A	T[T>C]C	T[T>C]G	T[T>C]T	A[T>G]A	A[T>G]C	A[T>G]G	A[T>G]T	C[T>G]A	C[T>G]C	C[T>G]G	C[T>G]T	G[T>G]A	G[T>G]C	G[T>G]G	G[T>G]T	T[T>G]A	T[T>G]C	T[T>G]G	T[T>G]T
MMRC006BBM	186	116	22	120	188	112	9	142	104	79	12	92	378	177	33	289	70	43	13	74	90	56	7	115	64	42	10	55	793	217	34	1078	183	72	197	153	237	122	99	220	181	127	149	151	2863	569	308	1531	169	54	88	124	159	69	71	151	104	29	51	97	216	35	55	165	146	47	82	116	86	89	50	89	87	50	52	83	114	67	42	106	69	12	34	37	85	21	38	95	62	13	41	58	178	25	53	138
MMRC00GABM	89	50	7	42	70	29	7	44	51	30	9	46	73	50	9	117	40	21	5	34	23	19	5	22	21	8	2	15	49	33	9	94	109	60	115	69	100	57	80	80	69	52	104	64	207	158	64	215	72	27	50	81	36	21	38	46	21	8	26	31	101	24	29	63	88	34	80	107	54	37	55	67	35	35	37	47	64	48	34	80	60	16	21	38	29	16	31	92	24	12	22	43	77	29	34	101
MMRC00GIBM	140	80	17	97	99	81	9	95	76	34	8	47	100	66	12	115	62	21	4	45	16	16	2	37	10	17	4	21	45	28	6	76	133	56	125	106	89	51	77	111	84	59	91	62	119	100	49	152	113	40	65	107	59	58	59	93	34	13	16	45	87	31	48	117	88	59	72	100	57	65	52	69	55	41	50	68	64	69	39	83	52	5	41	35	29	17	42	73	16	12	30	38	61	22	36	104
MMRC01LGBM	116	81	19	83	71	87	12	70	55	34	12	53	90	57	8	91	64	33	10	65	40	23	9	32	32	25	5	33	27	34	4	77	137	74	158	115	87	66	92	128	73	82	138	95	113	109	57	127	96	37	54	110	45	55	61	86	36	26	24	62	105	43	48	106	136	62	82	122	70	96	61	99	79	82	75	83	88	128	58	99	54	19	42	62	35	22	46	146	25	17	35	120	107	31	54	148
MMRC01Q1BM	103	80	7	64	68	41	8	61	54	28	6	41	90	49	16	136	34	19	12	30	22	17	3	19	21	17	3	27	33	29	4	55	135	61	110	85	87	79	76	85	71	61	79	67	120	108	63	160	86	38	56	95	43	32	33	41	26	23	16	30	87	21	41	80	103	53	79	110	46	49	50	67	48	34	39	45	64	67	43	97	76	31	28	59	55	26	33	113	43	21	65	74	87	24	38	105
MMRC01YHBM	60	34	10	25	55	26	3	21	43	26	9	20	53	35	5	74	33	19	5	16	8	13	3	21	15	8	3	13	17	21	5	25	70	40	124	54	51	47	72	71	57	41	101	43	72	75	62	101	30	17	20	57	8	11	21	18	17	7	9	10	53	14	11	39	51	31	46	62	36	31	42	38	22	19	23	35	39	28	27	61	42	17	17	25	24	12	11	46	10	7	11	29	58	10	22	80
MMRC023ZBM	131	102	13	81	162	63	22	132	88	49	11	63	159	80	12	176	81	67	11	58	226	71	12	138	95	48	10	60	166	106	6	142	209	140	149	145	204	116	118	164	240	216	134	204	275	217	75	258	119	47	57	149	82	49	74	123	53	18	28	60	201	39	74	144	243	53	87	164	101	66	85	134	111	56	67	105	169	96	59	161	78	29	34	47	130	44	47	164	80	25	39	72	213	29	54	195
MMRC0244BM	75	51	11	30	50	38	6	34	45	23	9	40	57	43	7	84	37	23	6	22	19	12	8	22	16	19	2	27	25	15	4	57	112	49	158	67	74	63	91	82	71	54	110	67	111	97	85	107	104	27	35	110	31	25	31	49	18	10	19	27	130	25	43	85	150	57	106	123	70	55	80	102	71	51	57	94	72	71	58	132	107	29	25	82	89	37	60	216	42	21	37	77	140	39	42	178
MMRC02G7BM	156	155	14	105	116	99	22	109	75	84	17	66	152	157	16	175	62	35	11	55	41	34	6	41	23	34	6	28	72	68	8	132	170	97	109	130	156	102	87	154	80	72	84	94	540	326	89	434	112	41	76	124	59	47	57	80	30	23	37	53	114	37	43	125	118	59	88	126	78	53	59	92	72	38	43	67	82	63	54	116	86	24	30	74	48	22	37	92	34	14	30	33	110	30	57	147
MMRC02GIBM	66	41	8	40	43	28	5	45	45	26	6	49	62	38	3	110	32	20	5	39	14	17	2	23	14	14	1	17	29	27	3	70	93	42	114	69	58	44	54	80	54	40	72	52	130	117	70	145	77	27	44	114	26	22	26	47	22	10	14	27	120	13	35	61	130	44	79	99	56	37	65	63	65	53	46	56	76	66	59	108	87	19	27	80	46	23	34	99	17	13	27	58	71	24	29	108
V0D56U	84	63	7	48	65	46	13	50	46	36	5	43	64	55	12	68	40	18	9	29	14	19	3	26	23	21	2	32	34	35	3	69	134	59	82	76	94	58	46	104	60	56	70	66	216	150	54	213	57	30	43	76	34	29	32	49	26	15	23	36	96	30	24	61	125	37	84	93	47	41	72	69	42	38	44	62	72	71	35	100	44	14	27	49	31	23	39	100	23	8	31	41	68	20	40	104
V0D56W	97	82	10	56	75	49	9	50	55	51	10	42	80	65	7	108	42	28	8	39	25	21	2	37	15	16	1	23	87	46	2	130	127	65	103	69	103	57	55	116	56	50	70	68	325	174	49	256	82	36	53	81	32	32	37	47	24	21	21	23	113	25	27	69	114	44	72	90	50	45	46	63	55	38	50	65	71	50	35	73	82	9	25	41	40	20	36	67	23	10	39	43	92	22	37	93
V0D56Z	67	55	5	44	56	29	10	72	45	24	6	37	81	33	8	99	39	18	6	27	19	13	5	19	6	19	3	20	45	16	3	56	84	48	178	65	61	54	94	79	48	43	110	73	126	80	60	121	63	31	38	100	30	20	31	37	21	18	9	36	111	23	34	68	110	43	69	103	56	44	48	99	56	25	41	84	65	72	37	108	73	21	18	46	56	19	25	121	14	11	17	63	95	24	45	135
V0D577	103	62	10	64	76	56	8	96	55	38	7	50	95	71	10	153	48	18	10	43	27	15	6	39	20	18	6	21	90	56	16	138	118	59	115	77	90	63	64	101	74	47	63	73	206	146	51	171	76	29	55	104	33	28	38	72	20	16	25	32	102	24	33	94	130	37	81	109	45	57	53	71	53	44	41	67	59	49	54	94	52	14	31	40	36	19	45	66	20	7	29	34	69	30	36	106
V0D57C	84	79	12	78	84	73	6	84	56	34	9	50	84	54	8	99	52	38	7	47	75	30	6	65	46	24	6	32	68	35	3	87	105	61	74	83	109	55	55	107	122	110	81	132	115	88	38	115	92	32	44	81	73	42	60	104	37	26	52	47	112	41	43	111	108	31	53	86	45	39	49	92	70	30	45	66	102	44	37	84	56	16	30	31	50	18	36	58	41	4	32	31	101	25	35	95
V0D57H	259	204	38	256	284	251	32	301	127	105	16	143	187	154	20	212	83	53	14	98	54	49	13	97	50	37	8	62	111	68	12	176	202	90	141	209	151	97	107	295	91	93	151	179	381	258	88	419	159	70	125	185	130	143	162	291	64	38	73	155	185	86	89	291	122	76	91	144	65	158	65	127	75	47	68	75	88	115	59	125	80	21	88	58	55	20	68	85	47	19	52	45	109	28	95	137
V0D57M	107	69	10	73	74	55	5	90	65	25	6	55	85	50	8	127	56	39	16	49	31	28	8	43	17	23	1	32	44	48	3	108	147	90	195	136	130	98	111	153	82	59	143	94	268	206	84	267	78	38	41	94	43	32	48	63	33	17	22	35	152	26	40	115	140	42	79	127	68	72	55	95	63	54	58	78	79	76	38	128	70	29	53	61	52	31	75	88	43	11	42	53	109	31	60	156
V0D583	75	85	9	59	75	62	9	59	33	34	6	38	63	56	6	111	42	29	6	47	15	12	2	32	21	18	4	13	26	34	5	92	113	39	84	66	84	55	48	78	67	41	79	77	104	90	46	130	65	37	57	74	30	42	37	70	36	13	34	33	80	33	31	73	104	38	54	90	46	63	58	72	46	27	44	55	61	75	49	65	52	14	25	46	36	16	29	76	20	10	29	46	45	22	25	85
V0D58G	97	99	11	71	95	75	12	69	54	43	3	49	69	55	8	112	53	22	14	47	21	18	6	37	19	17	5	27	52	31	5	89	133	67	115	103	93	72	78	144	45	53	88	82	271	201	64	264	105	46	57	104	57	43	62	103	20	24	28	47	97	42	38	132	95	53	62	112	38	53	52	65	59	42	36	73	40	73	40	80	65	16	29	45	31	22	23	98	27	6	23	41	62	19	44	106
V0D58I	122	105	16	103	91	88	13	114	51	55	4	43	91	55	7	92	56	45	7	41	37	29	3	24	29	26	3	26	43	40	2	79	161	43	121	117	82	65	60	120	56	54	84	74	119	112	47	136	103	54	83	96	62	71	77	129	37	22	53	86	123	47	43	138	106	50	75	108	68	77	57	78	67	53	49	83	73	99	55	97	78	23	48	52	38	32	56	168	19	21	41	103	108	20	48	137
V0D58T	130	68	7	62	125	45	23	87	117	52	12	79	139	85	9	182	62	42	6	35	69	28	4	53	37	26	8	29	81	38	4	73	118	61	147	90	125	73	89	117	98	126	150	115	274	179	95	248	77	42	32	100	37	26	32	63	37	15	14	40	165	19	34	74	135	45	67	113	45	42	46	74	68	46	47	79	92	51	44	105	87	17	13	51	74	16	37	103	50	14	18	71	166	28	42	138
V0D92Z	174	115	33	123	148	93	13	122	102	61	17	82	128	92	15	201	68	43	14	65	28	35	10	47	37	28	10	46	50	44	10	114	177	92	184	148	132	100	153	130	116	121	178	128	165	132	98	213	120	63	83	165	64	57	72	117	47	27	38	83	203	45	83	155	195	86	150	183	86	95	95	149	81	73	86	98	112	118	66	193	143	33	61	95	79	42	63	198	43	29	52	106	156	52	80	225
PD26405	100	94	10	85	73	69	6	80	50	53	8	53	67	74	14	99	39	31	8	35	27	34	5	38	21	29	3	25	46	30	6	94	127	53	123	90	84	74	87	119	71	62	90	64	148	131	57	167	87	47	73	99	50	55	75	101	34	21	35	46	99	40	45	93	115	47	89	106	61	70	63	78	45	48	39	60	72	50	41	113	71	21	37	45	52	34	57	131	19	9	18	39	92	25	63	114
PD26410	79	62	5	45	62	33	12	62	66	44	5	64	89	58	13	178	44	25	4	33	14	17	2	24	18	29	3	26	39	38	7	65	134	70	177	77	126	79	115	125	93	74	157	81	258	178	89	248	55	32	39	93	25	28	35	47	22	14	18	31	81	20	31	58	109	37	71	103	58	38	52	65	51	41	43	51	61	65	61	99	77	19	35	64	52	20	49	129	29	22	18	69	115	31	32	111
PD26414	106	101	22	71	149	58	23	107	80	62	13	63	156	113	21	175	58	70	8	51	224	55	6	123	99	68	7	51	158	116	5	154	245	120	124	156	262	150	82	210	301	200	109	234	650	353	79	497	99	25	37	88	100	42	102	124	40	24	49	45	117	30	88	106	166	47	61	131	89	38	52	101	76	39	33	109	152	54	41	144	95	18	31	28	115	29	39	109	77	14	27	48	212	16	55	143
PD26415	38	28	8	27	45	20	5	66	45	37	7	34	78	40	8	152	14	7	4	22	12	11	0	15	5	9	2	9	22	19	3	26	51	29	95	43	51	40	50	51	47	32	56	44	55	55	33	51	34	14	19	66	23	10	22	25	13	8	9	19	45	12	23	35	70	43	46	72	41	30	47	63	31	33	24	42	44	36	23	82	46	11	19	39	56	9	47	103	9	9	12	50	115	16	30	141
PD26420	58	52	10	51	50	60	4	48	37	32	4	29	36	27	5	63	24	14	7	19	28	21	9	32	20	18	1	15	29	26	4	52	78	41	87	48	66	48	50	101	70	40	69	48	108	83	44	105	58	30	38	55	30	36	37	54	12	9	13	23	49	16	27	53	65	34	44	57	27	38	27	60	23	16	20	31	33	32	19	40	55	9	17	29	35	4	25	43	17	8	15	29	60	8	18	51
PD26424	103	77	15	86	105	70	13	73	70	47	5	69	107	68	15	143	81	41	9	60	23	36	12	31	24	30	4	35	59	36	3	110	139	72	133	102	118	89	95	119	89	86	126	74	306	176	46	235	96	32	55	117	56	41	37	69	30	15	23	46	156	32	98	90	143	83	97	144	75	69	83	87	63	58	65	81	86	87	82	119	238	30	57	83	122	26	75	169	42	14	29	61	405	51	75	211
PD26426	177	139	17	129	211	131	22	164	179	92	18	154	199	155	29	322	74	44	10	64	42	37	10	66	31	29	10	46	77	58	12	119	171	96	232	137	136	101	152	140	102	112	241	123	157	130	116	170	75	46	66	176	58	68	86	117	33	34	47	54	163	54	57	111	175	79	114	147	72	101	93	138	88	75	81	112	104	111	62	136	47	23	43	69	43	31	61	129	21	15	39	63	74	34	52	131
PD26428	59	35	4	61	67	34	9	41	52	28	2	39	44	41	8	71	31	15	2	31	12	11	3	21	10	14	2	18	25	20	2	39	62	46	106	49	52	43	63	55	41	45	80	46	104	68	55	96	72	40	33	83	29	38	30	52	25	12	16	30	74	24	36	71	74	37	56	78	42	29	37	47	50	33	24	48	51	40	29	73	87	16	27	45	50	18	38	78	18	11	13	31	128	19	35	106
PD26435	166	152	23	135	134	144	21	132	105	93	16	95	125	169	20	216	68	39	11	73	43	38	7	75	23	38	8	33	74	59	6	130	149	96	99	144	139	90	80	152	120	120	103	140	169	173	62	159	84	63	78	138	74	81	82	96	38	33	51	68	105	51	36	90	133	52	105	138	60	73	91	87	76	54	59	79	95	53	43	83	49	21	39	45	15	26	43	110	26	11	28	42	60	22	35	111
PD26401	134	89	8	83	77	58	13	84	74	49	10	69	96	86	7	141	30	25	6	34	30	22	4	36	21	25	4	24	33	40	0	67	163	75	265	116	133	87	172	132	89	96	227	86	189	145	114	212	84	50	59	131	50	41	48	75	27	16	24	46	80	34	51	105	158	55	89	120	86	43	73	76	79	69	57	114	72	74	52	107	82	20	18	63	82	36	62	160	28	23	18	102	109	30	44	157
PD26419	183	153	27	155	162	144	23	158	116	82	18	89	130	161	19	186	85	49	22	64	66	50	18	76	31	33	7	53	318	111	31	484	152	95	220	144	155	101	126	181	103	94	168	113	908	301	130	601	83	68	93	116	72	85	106	178	39	37	44	94	104	56	50	157	127	60	93	134	69	96	72	117	78	69	51	94	87	96	49	99	23	22	47	44	26	30	68	120	16	10	46	84	54	32	76	98
PD26432	82	69	7	49	70	45	10	94	70	36	17	50	121	49	9	186	57	22	10	52	13	30	6	23	21	26	4	43	40	37	4	65	119	58	250	68	91	71	162	104	70	79	167	77	146	109	99	133	96	45	42	133	43	32	32	68	23	18	17	22	133	24	57	89	139	66	88	142	77	57	76	103	89	77	82	116	105	101	54	145	227	44	30	108	161	38	90	273	39	24	18	136	360	42	67	275
PD26402	105	73	14	99	94	71	7	79	60	42	9	75	83	61	10	104	65	33	12	55	28	27	4	44	21	23	2	27	62	43	4	93	115	56	128	83	109	60	94	114	72	64	111	75	193	134	66	220	85	33	69	109	49	59	52	107	28	25	31	40	96	42	62	98	106	46	77	114	51	73	63	72	52	39	53	68	78	93	37	91	86	18	36	51	42	20	55	107	22	9	25	91	114	29	45	134
PD26403	145	138	15	125	169	108	24	157	113	83	16	109	157	141	13	232	119	64	22	121	113	84	22	109	78	65	13	80	116	88	13	151	269	132	226	170	203	159	165	248	216	195	231	196	184	159	104	201	137	80	101	174	111	65	92	135	51	30	57	76	166	67	83	188	264	65	149	200	173	117	121	193	134	87	85	139	156	137	69	184	146	35	67	97	140	53	106	209	56	30	47	91	252	52	82	234
PD26407	34	23	5	17	39	22	2	21	29	22	4	18	26	28	3	46	12	13	4	20	8	9	3	8	8	7	1	9	8	8	1	27	59	32	71	22	49	40	44	48	38	24	58	37	56	52	53	51	43	34	34	60	22	11	17	31	12	8	8	20	40	16	21	25	62	30	45	59	32	19	32	40	40	21	26	28	40	27	22	63	59	15	14	20	34	7	18	77	13	12	6	37	89	13	7	47
PD26411	125	84	16	98	170	55	20	127	85	68	16	89	159	75	19	198	86	57	13	54	140	75	18	93	64	58	10	48	85	81	9	104	190	108	172	126	154	121	125	179	198	224	215	201	235	178	97	231	108	45	63	109	76	57	64	109	52	27	32	55	144	29	76	107	193	56	75	130	75	64	61	108	80	59	44	82	119	83	53	121	98	21	38	60	125	27	55	185	63	20	25	118	198	29	52	159
PD26412	177	119	16	134	201	117	17	169	138	95	17	120	172	134	14	245	82	54	19	65	130	53	9	88	54	66	8	58	104	92	7	100	266	127	236	192	239	151	172	227	204	213	241	201	446	292	114	376	117	55	65	191	87	65	65	169	48	37	46	79	153	58	91	154	188	84	115	195	82	100	77	114	86	70	72	81	108	111	61	134	92	29	51	75	95	44	68	172	45	18	31	72	185	40	55	187
PD26425	118	79	13	63	72	66	3	84	57	40	10	57	87	90	13	112	53	39	6	46	39	43	10	39	33	12	4	30	79	65	9	138	124	43	112	78	75	77	104	108	70	67	116	79	164	122	62	141	71	31	45	91	42	33	41	89	22	19	20	48	82	28	33	100	106	50	90	122	61	58	53	86	71	49	47	83	54	82	34	96	99	21	46	52	56	17	52	122	25	19	25	94	143	22	45	157
PD26400	127	101	15	118	101	89	19	99	78	65	12	62	91	94	8	168	57	42	17	54	24	29	6	29	24	18	6	30	66	42	8	104	160	84	146	128	140	82	105	146	95	90	149	108	273	202	93	246	75	60	84	153	59	52	68	109	37	33	42	71	113	42	62	130	138	68	106	147	77	85	75	93	89	124	78	121	60	113	41	99	94	26	53	62	70	28	73	191	32	27	44	169	137	36	42	176
PD26409	65	64	5	55	57	61	7	48	37	26	3	33	55	40	5	96	34	28	7	40	21	22	5	33	16	25	6	25	33	34	3	71	102	49	111	83	85	65	98	97	53	55	110	49	123	96	59	116	59	30	44	63	30	29	31	52	21	15	19	36	51	21	26	80	131	37	67	107	68	50	57	94	59	35	28	76	62	49	29	77	55	20	28	59	57	26	55	110	19	9	32	44	85	18	35	111
PD26422	72	65	4	53	77	34	7	66	37	28	9	45	63	50	4	80	32	18	6	38	57	34	7	56	26	21	7	24	60	44	4	61	112	80	101	87	141	85	65	111	100	91	88	95	138	122	43	141	55	20	41	61	34	41	59	58	18	14	35	32	67	15	39	56	105	36	55	76	43	33	34	55	55	28	30	42	62	39	24	59	35	10	20	21	52	19	31	59	21	7	17	22	90	12	28	76
PD26427	78	62	14	60	63	53	8	54	58	27	4	45	84	42	5	101	37	20	4	40	28	16	2	29	20	19	3	27	36	24	4	64	103	45	112	83	87	52	83	78	51	57	94	61	129	97	42	137	55	38	56	86	33	50	48	90	29	18	27	56	82	22	47	104	109	43	76	103	47	60	46	80	62	39	54	67	73	46	28	77	63	22	37	63	47	31	42	121	13	12	13	71	94	25	40	132
PD26404	57	37	10	40	54	48	9	42	43	30	9	37	83	28	6	80	28	17	3	30	11	15	3	23	5	12	2	18	26	20	4	43	127	43	153	64	64	54	84	64	61	48	132	61	103	88	69	110	47	27	32	64	20	14	35	39	13	15	13	20	74	19	33	53	92	43	74	90	44	39	37	68	68	53	41	65	58	43	41	91	79	18	15	45	55	18	30	87	14	13	9	38	117	24	23	126
PD26406	79	60	15	53	62	38	6	54	47	34	9	29	79	46	7	82	36	26	6	31	26	28	5	25	17	9	2	29	41	23	6	70	105	62	87	73	96	81	51	112	75	60	60	86	231	161	52	209	87	33	47	85	31	29	45	54	20	24	27	26	73	24	37	68	106	37	79	88	65	48	37	83	61	39	38	73	81	47	41	73	96	8	22	51	45	18	35	87	23	21	16	47	138	24	28	102
PD26408	81	66	13	70	82	59	8	109	75	45	4	68	105	61	11	154	53	23	10	38	18	18	4	38	11	14	3	22	53	21	4	65	98	67	209	77	101	89	145	117	78	68	218	88	189	127	100	147	68	39	42	91	34	27	32	81	30	24	24	36	88	26	44	79	123	40	90	118	55	60	63	78	61	36	45	61	57	67	31	108	77	15	28	54	45	27	45	120	14	11	23	54	131	29	42	150
PD26423	132	105	17	72	154	54	21	97	105	64	19	75	149	105	18	211	133	83	12	74	239	96	15	109	116	74	28	79	161	103	6	120	179	108	168	129	220	95	126	206	235	221	159	211	234	192	77	234	138	45	37	106	127	32	76	114	54	18	31	57	169	36	61	117	193	37	61	118	85	45	53	109	85	56	36	95	140	65	32	121	76	10	23	45	161	34	31	163	91	13	17	57	237	25	45	184
PD26429	52	51	7	31	47	29	9	36	32	33	9	29	64	39	7	95	34	18	5	17	13	10	3	21	14	17	5	26	39	33	3	53	101	63	160	70	78	65	100	92	62	71	123	52	134	148	95	162	39	15	26	62	25	16	17	29	16	20	15	23	60	14	26	45	82	47	64	112	45	44	46	53	56	48	34	66	63	50	40	75	77	10	19	40	68	17	48	128	20	11	16	50	104	10	27	121
PD26434	19	12	1	8	13	4	2	14	14	6	1	17	14	19	3	25	7	3	0	5	0	7	3	8	3	7	1	6	6	4	1	12	18	20	43	12	22	21	30	27	17	11	33	15	12	22	20	18	22	14	13	20	7	5	12	7	5	6	4	4	31	3	21	15	37	17	22	41	18	10	21	28	18	11	14	16	25	19	20	40	47	6	6	19	30	7	13	52	8	4	6	19	79	11	20	52
PD26418	171	136	22	148	161	130	27	140	106	78	17	113	140	120	17	187	85	56	32	66	91	78	18	73	46	38	10	56	81	69	14	160	213	100	128	166	131	119	103	212	113	104	109	124	220	200	79	219	112	57	106	154	101	86	93	170	81	38	90	102	162	57	84	178	167	67	120	151	97	113	97	118	90	51	74	105	122	134	72	150	107	19	70	52	75	43	105	116	33	17	59	60	144	34	103	158
PD26416	102	67	18	55	88	43	15	69	87	45	10	68	102	59	7	134	56	23	4	45	25	18	3	37	25	22	4	31	50	28	6	58	109	71	143	95	101	77	96	108	101	85	136	101	152	122	68	131	60	19	48	65	44	25	43	52	30	13	29	39	65	11	21	61	117	35	65	91	45	44	53	55	75	29	39	65	62	49	38	82	41	12	15	35	37	11	16	74	11	7	12	21	42	19	28	71
