A[C>A]A	A[C>A]C	A[C>A]G	A[C>A]T	C[C>A]A	C[C>A]C	C[C>A]G	C[C>A]T	G[C>A]A	G[C>A]C	G[C>A]G	G[C>A]T	T[C>A]A	T[C>A]C	T[C>A]G	T[C>A]T	A[C>G]A	A[C>G]C	A[C>G]G	A[C>G]T	C[C>G]A	C[C>G]C	C[C>G]G	C[C>G]T	G[C>G]A	G[C>G]C	G[C>G]G	G[C>G]T	T[C>G]A	T[C>G]C	T[C>G]G	T[C>G]T	A[C>T]A	A[C>T]C	A[C>T]G	A[C>T]T	C[C>T]A	C[C>T]C	C[C>T]G	C[C>T]T	G[C>T]A	G[C>T]C	G[C>T]G	G[C>T]T	T[C>T]A	T[C>T]C	T[C>T]G	T[C>T]T	A[T>A]A	A[T>A]C	A[T>A]G	A[T>A]T	C[T>A]A	C[T>A]C	C[T>A]G	C[T>A]T	G[T>A]A	G[T>A]C	G[T>A]G	G[T>A]T	T[T>A]A	T[T>A]C	T[T>A]G	T[T>A]T	A[T>C]A	A[T>C]C	A[T>C]G	A[T>C]T	C[T>C]A	C[T>C]C	C[T>C]G	C[T>C]T	G[T>C]A	G[T>C]C	G[T>C]G	G[T>C]T	T[T>C]A	T[T>C]C	T[T>C]G	T[T>C]T	A[T>G]A	A[T>G]C	A[T>G]G	A[T>G]T	C[T>G]A	C[T>G]C	C[T>G]G	C[T>G]T	G[T>G]A	G[T>G]C	G[T>G]G	G[T>G]T	T[T>G]A	T[T>G]C	T[T>G]G	T[T>G]T
MMRC006BBM	186	116	22	120	188	112	9	142	104	79	12	92	378	177	33	289	70	43	13	74	90	56	7	115	64	42	10	55	793	217	34	1078	183	72	197	153	237	122	99	220	181	127	149	151	2863	569	308	1531	169	54	88	124	159	69	71	151	104	29	51	97	216	35	55	165	146	47	82	116	86	89	50	89	87	50	52	83	114	67	42	106	69	12	34	37	85	21	38	95	62	13	41	58	178	25	53	138
MMRC00GABM	89	50	7	42	70	29	7	44	51	30	9	46	73	50	9	117	40	21	5	34	23	19	5	22	21	8	2	15	49	33	9	94	109	60	115	69	100	57	80	80	69	52	104	64	207	158	64	215	72	27	50	81	36	21	38	46	21	8	26	31	101	24	29	63	88	34	80	107	54	37	55	67	35	35	37	47	64	48	34	80	60	16	21	38	29	16	31	92	24	12	22	43	77	29	34	101
MMRC00GIBM	140	80	17	97	99	81	9	95	76	34	8	47	100	66	12	115	62	21	4	45	16	16	2	37	10	17	4	21	45	28	6	76	133	56	125	106	89	51	77	111	84	59	91	62	119	100	49	152	113	40	65	107	59	58	59	93	34	13	16	45	87	31	48	117	88	59	72	100	57	65	52	69	55	41	50	68	64	69	39	83	52	5	41	35	29	17	42	73	16	12	30	38	61	22	36	104
MMRC01LGBM	116	81	19	83	71	87	12	70	55	34	12	53	90	57	8	91	64	33	10	65	40	23	9	32	32	25	5	33	27	34	4	77	137	74	158	115	87	66	92	128	73	82	138	95	113	109	57	127	96	37	54	110	45	55	61	86	36	26	24	62	105	43	48	106	136	62	82	122	70	96	61	99	79	82	75	83	88	128	58	99	54	19	42	62	35	22	46	146	25	17	35	120	107	31	54	148
MMRC01Q1BM	103	80	7	64	68	41	8	61	54	28	6	41	90	49	16	136	34	19	12	30	22	17	3	19	21	17	3	27	33	29	4	55	135	61	110	85	87	79	76	85	71	61	79	67	120	108	63	160	86	38	56	95	43	32	33	41	26	23	16	30	87	21	41	80	103	53	79	110	46	49	50	67	48	34	39	45	64	67	43	97	76	31	28	59	55	26	33	113	43	21	65	74	87	24	38	105
MMRC01YHBM	60	34	10	25	55	26	3	21	43	26	9	20	53	35	5	74	33	19	5	16	8	13	3	21	15	8	3	13	17	21	5	25	70	40	124	54	51	47	72	71	57	41	101	43	72	75	62	101	30	17	20	57	8	11	21	18	17	7	9	10	53	14	11	39	51	31	46	62	36	31	42	38	22	19	23	35	39	28	27	61	42	17	17	25	24	12	11	46	10	7	11	29	58	10	22	80
MMRC023ZBM	131	102	13	81	162	63	22	132	88	49	11	63	159	80	12	176	81	67	11	58	226	71	12	138	95	48	10	60	166	106	6	142	209	140	149	145	204	116	118	164	240	216	134	204	275	217	75	258	119	47	57	149	82	49	74	123	53	18	28	60	201	39	74	144	243	53	87	164	101	66	85	134	111	56	67	105	169	96	59	161	78	29	34	47	130	44	47	164	80	25	39	72	213	29	54	195
MMRC0244BM	75	51	11	30	50	38	6	34	45	23	9	40	57	43	7	84	37	23	6	22	19	12	8	22	16	19	2	27	25	15	4	57	112	49	158	67	74	63	91	82	71	54	110	67	111	97	85	107	104	27	35	110	31	25	31	49	18	10	19	27	130	25	43	85	150	57	106	123	70	55	80	102	71	51	57	94	72	71	58	132	107	29	25	82	89	37	60	216	42	21	37	77	140	39	42	178
MMRC02G7BM	156	155	14	105	116	99	22	109	75	84	17	66	152	157	16	175	62	35	11	55	41	34	6	41	23	34	6	28	72	68	8	132	170	97	109	130	156	102	87	154	80	72	84	94	540	326	89	434	112	41	76	124	59	47	57	80	30	23	37	53	114	37	43	125	118	59	88	126	78	53	59	92	72	38	43	67	82	63	54	116	86	24	30	74	48	22	37	92	34	14	30	33	110	30	57	147
MMRC02GIBM	66	41	8	40	43	28	5	45	45	26	6	49	62	38	3	110	32	20	5	39	14	17	2	23	14	14	1	17	29	27	3	70	93	42	114	69	58	44	54	80	54	40	72	52	130	117	70	145	77	27	44	114	26	22	26	47	22	10	14	27	120	13	35	61	130	44	79	99	56	37	65	63	65	53	46	56	76	66	59	108	87	19	27	80	46	23	34	99	17	13	27	58	71	24	29	108
V0D56U	84	63	7	48	65	46	13	50	46	36	5	43	64	55	12	68	40	18	9	29	14	19	3	26	23	21	2	32	34	35	3	69	134	59	82	76	94	58	46	104	60	56	70	66	216	150	54	213	57	30	43	76	34	29	32	49	26	15	23	36	96	30	24	61	125	37	84	93	47	41	72	69	42	38	44	62	72	71	35	100	44	14	27	49	31	23	39	100	23	8	31	41	68	20	40	104
V0D56W	97	82	10	56	75	49	9	50	55	51	10	42	80	65	7	108	42	28	8	39	25	21	2	37	15	16	1	23	87	46	2	130	127	65	103	69	103	57	55	116	56	50	70	68	325	174	49	256	82	36	53	81	32	32	37	47	24	21	21	23	113	25	27	69	114	44	72	90	50	45	46	63	55	38	50	65	71	50	35	73	82	9	25	41	40	20	36	67	23	10	39	43	92	22	37	93
V0D56Z	67	55	5	44	56	29	10	72	45	24	6	37	81	33	8	99	39	18	6	27	19	13	5	19	6	19	3	20	45	16	3	56	84	48	178	65	61	54	94	79	48	43	110	73	126	80	60	121	63	31	38	100	30	20	31	37	21	18	9	36	111	23	34	68	110	43	69	103	56	44	48	99	56	25	41	84	65	72	37	108	73	21	18	46	56	19	25	121	14	11	17	63	95	24	45	135
V0D577	103	62	10	64	76	56	8	96	55	38	7	50	95	71	10	153	48	18	10	43	27	15	6	39	20	18	6	21	90	56	16	138	118	59	115	77	90	63	64	101	74	47	63	73	206	146	51	171	76	29	55	104	33	28	38	72	20	16	25	32	102	24	33	94	130	37	81	109	45	57	53	71	53	44	41	67	59	49	54	94	52	14	31	40	36	19	45	66	20	7	29	34	69	30	36	106
V0D57C	84	79	12	78	84	73	6	84	56	34	9	50	84	54	8	99	52	38	7	47	75	30	6	65	46	24	6	32	68	35	3	87	105	61	74	83	109	55	55	107	122	110	81	132	115	88	38	115	92	32	44	81	73	42	60	104	37	26	52	47	112	41	43	111	108	31	53	86	45	39	49	92	70	30	45	66	102	44	37	84	56	16	30	31	50	18	36	58	41	4	32	31	101	25	35	95
V0D57H	259	204	38	256	284	251	32	301	127	105	16	143	187	154	20	212	83	53	14	98	54	49	13	97	50	37	8	62	111	68	12	176	202	90	141	209	151	97	107	295	91	93	151	179	381	258	88	419	159	70	125	185	130	143	162	291	64	38	73	155	185	86	89	291	122	76	91	144	65	158	65	127	75	47	68	75	88	115	59	125	80	21	88	58	55	20	68	85	47	19	52	45	109	28	95	137
V0D57M	107	69	10	73	74	55	5	90	65	25	6	55	85	50	8	127	56	39	16	49	31	28	8	43	17	23	1	32	44	48	3	108	147	90	195	136	130	98	111	153	82	59	143	94	268	206	84	267	78	38	41	94	43	32	48	63	33	17	22	35	152	26	40	115	140	42	79	127	68	72	55	95	63	54	58	78	79	76	38	128	70	29	53	61	52	31	75	88	43	11	42	53	109	31	60	156
V0D583	75	85	9	59	75	62	9	59	33	34	6	38	63	56	6	111	42	29	6	47	15	12	2	32	21	18	4	13	26	34	5	92	113	39	84	66	84	55	48	78	67	41	79	77	104	90	46	130	65	37	57	74	30	42	37	70	36	13	34	33	80	33	31	73	104	38	54	90	46	63	58	72	46	27	44	55	61	75	49	65	52	14	25	46	36	16	29	76	20	10	29	46	45	22	25	85
V0D58G	97	99	11	71	95	75	12	69	54	43	3	49	69	55	8	112	53	22	14	47	21	18	6	37	19	17	5	27	52	31	5	89	133	67	115	103	93	72	78	144	45	53	88	82	271	201	64	264	105	46	57	104	57	43	62	103	20	24	28	47	97	42	38	132	95	53	62	112	38	53	52	65	59	42	36	73	40	73	40	80	65	16	29	45	31	22	23	98	27	6	23	41	62	19	44	106
V0D58I	122	105	16	103	91	88	13	114	51	55	4	43	91	55	7	92	56	45	7	41	37	29	3	24	29	26	3	26	43	40	2	79	161	43	121	117	82	65	60	120	56	54	84	74	119	112	47	136	103	54	83	96	62	71	77	129	37	22	53	86	123	47	43	138	106	50	75	108	68	77	57	78	67	53	49	83	73	99	55	97	78	23	48	52	38	32	56	168	19	21	41	103	108	20	48	137
V0D58T	130	68	7	62	125	45	23	87	117	52	12	79	139	85	9	182	62	42	6	35	69	28	4	53	37	26	8	29	81	38	4	73	118	61	147	90	125	73	89	117	98	126	150	115	274	179	95	248	77	42	32	100	37	26	32	63	37	15	14	40	165	19	34	74	135	45	67	113	45	42	46	74	68	46	47	79	92	51	44	105	87	17	13	51	74	16	37	103	50	14	18	71	166	28	42	138
V0D92Z	174	115	33	123	148	93	13	122	102	61	17	82	128	92	15	201	68	43	14	65	28	35	10	47	37	28	10	46	50	44	10	114	177	92	184	148	132	100	153	130	116	121	178	128	165	132	98	213	120	63	83	165	64	57	72	117	47	27	38	83	203	45	83	155	195	86	150	183	86	95	95	149	81	73	86	98	112	118	66	193	143	33	61	95	79	42	63	198	43	29	52	106	156	52	80	225
PD26405a	88	83	10	74	63	60	4	66	46	40	8	47	59	69	14	88	30	29	8	33	25	31	5	30	18	26	2	21	42	27	4	83	114	49	117	81	77	71	81	110	66	58	85	57	133	116	57	148	78	43	62	91	44	49	69	85	31	19	24	44	89	32	37	78	110	42	79	92	55	60	56	72	39	47	35	56	70	47	40	108	66	21	36	42	48	32	49	123	18	8	16	38	85	23	59	108
PD26410d	79	62	5	45	62	33	12	62	66	44	5	64	89	58	13	178	44	25	4	33	14	17	2	24	18	29	3	26	39	38	7	65	134	70	177	77	126	79	115	125	93	74	157	81	258	178	89	248	55	32	39	93	25	28	35	47	22	14	18	31	81	20	31	58	109	37	71	103	58	38	52	65	51	41	43	51	61	65	61	99	77	19	35	64	52	20	49	129	29	22	18	69	115	31	32	111
PD26414g	81	82	17	55	118	50	21	79	62	44	10	49	130	87	18	141	43	49	5	41	161	40	5	94	66	54	6	43	123	90	3	122	187	81	103	115	199	118	70	172	219	140	76	165	538	289	63	405	87	19	30	73	79	34	77	99	33	18	35	36	85	22	69	87	126	39	52	105	67	31	45	78	65	34	29	86	110	42	37	116	78	14	30	27	81	27	34	82	59	7	18	40	173	14	42	113
PD26415c	25	20	5	23	32	12	3	55	34	28	5	27	57	30	4	125	10	6	4	21	9	8	0	12	4	7	2	7	15	16	3	22	39	13	67	30	34	30	31	38	32	26	35	27	39	33	21	38	25	11	15	56	13	9	18	18	13	8	6	14	32	11	14	27	59	31	35	56	28	18	35	42	26	27	19	28	34	28	14	55	32	6	16	28	44	7	41	89	6	8	6	38	81	11	25	113
PD26420c	53	49	8	46	45	58	3	48	34	28	4	23	31	26	5	61	20	12	5	17	20	19	8	28	15	17	1	12	23	22	4	45	76	40	84	45	62	48	48	94	62	36	64	46	101	78	42	100	53	26	35	53	25	35	36	51	9	9	12	21	44	16	24	49	64	34	43	54	27	38	27	57	20	16	18	29	29	31	19	38	53	7	17	28	32	4	25	38	17	7	13	26	56	7	16	47
PD26424c	94	67	13	77	97	60	11	69	68	42	4	66	98	63	13	130	66	37	7	55	21	35	12	30	20	26	2	31	50	33	2	98	124	59	122	86	97	75	79	106	76	75	103	70	268	153	42	204	84	29	52	106	51	35	34	63	29	12	21	42	141	27	88	77	129	73	80	130	65	62	75	77	57	48	57	73	77	77	63	112	231	29	47	80	115	24	62	157	37	12	28	53	384	43	66	200
PD26426e	177	139	17	129	211	131	22	164	179	92	18	154	199	155	29	322	74	44	10	64	42	37	10	66	31	29	10	46	77	58	12	119	171	96	232	137	136	101	152	140	102	112	241	123	157	130	116	170	75	46	66	176	58	68	86	117	33	34	47	54	163	54	57	111	175	79	114	147	72	101	93	138	88	75	81	112	104	111	62	136	47	23	43	69	43	31	61	129	21	15	39	63	74	34	52	131
PD26428a	24	17	2	28	27	13	3	17	25	15	1	25	25	13	2	39	15	8	1	11	4	2	2	10	3	9	0	11	9	9	1	17	25	16	49	8	22	15	24	17	17	12	38	19	35	22	23	31	33	18	15	42	15	13	11	28	17	5	8	14	43	11	18	32	29	13	23	33	19	10	15	24	22	15	14	21	27	20	13	34	56	8	13	23	34	9	26	49	11	6	7	20	87	8	20	79
PD26435e	154	132	22	124	119	131	19	114	100	85	16	85	117	157	18	199	64	36	9	66	42	35	7	63	21	32	8	30	71	55	6	117	139	87	94	134	125	82	70	143	110	110	97	123	154	163	58	147	77	56	74	128	68	72	72	91	38	29	45	60	90	48	34	85	119	52	96	130	53	64	82	84	71	45	56	73	84	51	43	76	45	20	35	42	14	25	41	108	26	10	26	40	57	21	28	107
PD26401a	109	70	7	65	63	49	11	69	67	42	6	56	84	70	3	126	27	21	5	31	25	20	3	33	17	24	3	21	30	33	0	57	134	66	233	97	105	76	143	113	76	76	191	73	152	112	100	177	71	46	45	107	43	35	43	67	26	13	22	39	71	30	47	94	133	51	77	108	76	40	60	70	71	62	52	111	64	63	48	98	76	18	17	57	80	29	58	155	25	21	17	98	106	28	39	147
PD26414b	87	84	18	64	116	49	19	93	64	54	11	52	132	95	14	147	46	56	6	36	191	42	5	98	80	55	4	39	137	95	3	141	195	97	110	125	217	128	73	167	227	156	85	179	575	310	69	420	80	20	33	77	83	35	83	103	36	21	47	39	96	27	72	88	135	40	49	105	72	34	43	90	60	35	30	96	127	50	40	119	89	13	27	25	94	26	33	91	66	11	23	39	165	15	44	126
PD26419d	177	148	24	149	156	136	22	151	110	79	17	84	124	148	19	170	80	47	21	62	61	48	16	71	31	33	7	50	306	104	28	466	148	93	214	140	152	98	120	172	101	88	165	108	884	290	125	585	80	67	86	105	63	82	99	168	37	37	40	87	95	52	45	145	119	57	89	131	66	91	68	113	76	66	48	90	84	94	46	96	23	20	46	41	26	27	67	115	14	9	44	82	47	31	72	96
PD26432c	75	62	7	43	62	44	10	86	65	32	15	48	118	49	7	178	53	22	9	47	11	26	6	23	19	25	4	40	36	33	4	59	110	54	234	66	84	66	155	94	63	75	160	74	132	101	95	125	93	42	38	125	40	29	31	64	23	16	16	22	125	22	56	82	133	65	82	130	71	54	76	94	81	72	79	109	100	97	50	138	224	43	30	106	157	38	88	264	38	22	16	127	352	42	65	265
PD26402a	90	61	14	85	81	60	6	62	49	33	7	65	68	48	9	94	58	26	8	44	25	21	2	39	18	20	2	25	54	38	4	82	93	43	108	70	92	52	82	90	68	52	98	61	149	106	55	170	75	27	58	88	40	51	42	90	23	23	27	34	75	36	46	85	86	38	68	94	41	64	51	61	41	34	46	60	64	73	32	77	78	16	26	49	41	19	51	101	21	9	25	84	112	25	40	119
PD26403c	99	89	10	71	95	63	13	107	78	56	11	72	100	93	10	164	73	33	13	71	33	42	13	50	32	33	4	45	43	43	6	62	190	86	208	116	116	120	136	139	129	101	174	115	113	103	92	131	87	55	68	130	61	37	47	73	29	18	29	42	96	41	52	132	160	43	112	148	114	72	85	126	93	57	62	103	99	95	57	128	112	27	42	86	80	29	71	119	28	17	25	52	156	38	52	169
PD26407c	30	23	3	16	39	20	2	20	27	21	4	18	25	27	3	43	11	13	4	19	8	9	2	8	6	7	1	9	6	7	1	27	52	31	69	21	48	38	44	44	35	23	58	36	53	52	53	49	40	32	30	57	21	10	15	30	11	6	7	19	37	15	21	23	60	28	42	55	32	19	32	39	37	21	25	26	39	25	22	60	56	14	14	19	34	7	17	76	12	12	6	36	85	12	7	46
PD26411c	90	60	10	66	120	39	15	103	65	45	11	68	123	54	14	156	64	39	7	45	112	53	11	64	43	44	8	34	67	63	6	70	147	77	139	97	120	92	94	132	139	161	144	145	177	129	77	170	84	32	46	76	58	46	43	88	35	18	25	47	112	21	65	76	150	42	58	104	54	48	47	84	61	49	37	73	92	64	38	100	81	18	29	49	95	23	46	159	49	18	20	101	162	28	43	131
PD26412a	135	99	12	102	167	92	11	137	120	69	14	100	145	100	11	204	60	42	14	51	107	43	7	66	46	52	7	45	85	71	4	73	202	95	176	140	170	115	123	157	162	165	173	154	305	208	89	252	83	44	51	151	64	47	43	139	37	27	30	60	118	43	78	123	140	59	86	153	64	75	63	101	66	59	57	60	81	93	44	108	78	22	36	58	85	34	56	159	38	16	23	63	160	30	48	166
PD26414a	21	18	6	17	21	11	2	20	19	13	4	11	27	24	3	28	7	6	1	12	8	4	1	5	9	2	1	6	20	11	1	33	46	27	45	16	38	33	21	32	33	23	27	23	101	67	22	90	22	6	15	22	11	12	15	20	10	6	8	12	14	5	6	24	22	17	24	43	13	13	14	22	19	15	13	32	34	20	16	33	30	5	8	17	10	6	11	24	12	4	7	11	28	8	14	28
PD26424a	94	71	14	79	97	66	12	68	66	43	5	65	100	63	14	136	76	37	9	57	23	32	11	28	19	26	3	30	54	34	3	101	135	71	126	99	114	82	89	110	83	81	122	68	280	162	43	214	88	28	51	109	54	35	32	63	29	15	21	45	145	28	96	82	133	80	94	136	73	62	78	86	60	56	61	78	77	83	79	112	229	29	53	81	119	24	71	160	40	14	28	54	388	47	72	204
PD26425e	102	67	12	50	63	49	3	70	51	34	7	51	78	78	9	92	46	28	5	41	30	41	6	37	26	10	3	22	48	51	8	97	114	34	101	67	65	69	94	94	61	50	108	68	129	103	54	123	62	26	39	79	39	27	38	74	20	14	20	37	69	26	32	86	85	47	79	104	52	49	45	78	63	46	33	67	46	73	32	80	93	20	35	47	49	13	47	111	21	17	18	86	131	19	38	146
PD26428c	58	33	3	55	62	31	9	40	49	26	2	33	43	41	8	68	29	12	2	29	12	11	2	20	10	13	2	13	23	17	1	37	61	44	99	46	50	40	62	53	36	45	77	45	98	64	53	86	69	35	28	72	29	35	27	45	21	9	15	27	70	23	32	64	71	35	49	74	38	28	35	46	49	31	23	46	48	37	27	68	85	16	24	42	45	17	36	75	17	10	13	31	127	18	34	100
PD26400a	105	83	11	100	81	73	15	74	56	49	10	47	74	74	7	133	46	36	16	50	21	26	6	25	21	14	6	26	62	38	7	89	121	67	127	101	106	70	90	116	69	72	125	97	204	145	70	179	62	48	71	119	53	41	56	86	33	27	38	58	100	31	50	117	115	60	97	116	65	75	61	86	80	113	72	110	53	105	35	81	87	24	44	59	66	22	65	185	30	26	42	163	130	35	38	156
PD26401c	122	83	8	77	72	51	9	78	70	42	10	60	91	79	7	128	28	23	4	33	27	20	4	31	21	20	4	20	29	39	0	61	144	67	235	104	118	78	156	117	77	83	198	79	170	132	107	186	79	45	55	117	48	37	45	66	26	16	22	43	71	30	50	98	140	52	83	110	79	40	68	69	70	65	51	107	64	73	48	96	74	19	14	62	79	33	58	154	26	22	17	96	105	26	41	148
PD26403a	86	76	9	67	85	56	12	94	75	46	8	62	87	77	10	151	63	37	6	60	25	35	9	37	25	24	5	35	26	36	7	50	154	70	191	97	92	104	134	126	101	86	170	88	91	85	87	110	79	51	61	120	56	32	43	65	24	15	28	33	89	36	49	110	144	36	88	129	90	66	73	118	80	50	64	92	94	90	53	132	107	23	30	75	86	25	59	119	24	13	20	46	154	32	52	166
PD26403d	112	104	14	95	130	79	19	135	93	64	12	90	128	111	9	199	93	58	14	93	98	62	17	82	64	49	12	67	97	70	9	128	207	98	203	136	163	129	148	212	184	169	195	161	151	123	94	164	119	60	80	137	86	55	69	103	39	23	48	55	135	53	71	134	234	50	118	163	139	98	95	170	116	74	77	120	134	115	61	159	125	26	40	85	128	45	78	198	51	23	34	85	240	43	68	209
PD26409c	62	61	5	52	55	57	7	44	37	24	3	33	53	40	5	92	31	27	7	40	20	20	5	33	16	22	4	22	32	33	3	69	97	47	106	77	84	57	95	92	52	53	105	46	120	95	57	106	57	28	42	60	29	28	28	48	20	15	18	33	45	20	25	77	128	37	65	100	64	48	53	94	53	33	26	70	61	48	29	73	54	19	27	58	54	24	52	106	18	9	30	43	82	18	33	105
PD26411d	51	31	8	39	56	18	5	46	26	25	4	38	70	25	5	75	31	20	8	21	51	37	5	30	26	21	6	21	36	35	6	40	66	39	77	38	50	50	47	65	67	83	83	60	77	70	39	98	50	21	34	42	33	25	28	51	22	9	14	24	67	13	34	35	75	17	28	52	32	23	25	44	32	30	22	34	41	37	17	45	42	7	14	28	55	15	23	82	28	11	10	65	103	18	26	80
PD26422d	64	60	3	49	70	34	6	62	35	28	8	41	58	46	4	75	31	16	4	35	51	30	7	51	22	20	6	22	54	40	3	50	106	74	97	81	129	82	61	104	93	81	82	88	131	109	41	131	48	19	38	58	30	30	54	53	17	12	28	29	63	13	37	55	97	32	51	70	38	32	30	51	48	26	29	40	57	37	21	54	33	8	18	20	48	17	26	53	19	5	13	19	83	9	26	69
PD26427a	73	59	13	56	58	49	8	50	55	27	4	43	77	37	4	96	35	18	4	39	28	16	2	27	19	18	3	25	32	23	4	61	99	43	105	76	82	47	78	70	47	55	83	60	120	90	39	132	51	36	56	77	32	49	42	86	26	15	23	50	75	19	43	95	102	42	72	94	42	58	46	73	59	36	52	65	70	43	27	72	61	21	37	62	45	30	39	118	13	11	12	70	88	22	38	127
PD26400c	123	97	14	106	96	84	18	95	78	63	12	60	86	89	8	158	53	41	15	51	23	26	6	27	21	18	5	30	65	37	7	99	154	78	140	120	133	82	101	141	88	86	141	103	255	196	93	228	70	57	78	143	56	49	65	100	36	31	38	67	101	42	62	123	136	66	104	143	73	85	74	88	87	114	73	114	59	108	39	95	91	25	50	58	68	28	68	189	29	27	44	163	131	35	40	173
PD26404c	57	36	9	38	52	45	9	41	40	27	7	36	82	26	6	78	27	15	3	30	9	15	3	22	5	12	2	17	23	18	4	42	125	43	145	62	62	51	79	62	60	47	125	59	97	84	66	108	46	25	32	60	20	13	34	38	13	15	12	19	74	18	33	49	90	42	73	83	43	37	37	67	67	52	38	64	57	41	40	86	77	18	15	43	55	16	29	85	14	12	7	38	114	24	23	123
PD26406a	65	49	10	45	54	31	6	42	33	26	8	24	69	32	6	66	31	18	4	23	20	23	4	20	13	8	1	21	35	18	4	54	72	46	74	57	65	62	41	80	51	43	51	68	133	97	44	144	66	26	39	61	23	22	34	46	15	16	21	23	53	19	27	54	78	35	62	66	54	37	29	75	44	30	29	53	62	39	31	64	84	7	19	43	40	16	29	73	16	14	11	41	114	16	25	79
PD26408a	78	63	13	63	78	55	7	106	75	41	4	66	98	54	10	147	52	22	10	35	16	17	4	36	11	14	3	20	52	20	4	61	94	59	201	72	93	80	137	113	75	64	202	85	169	116	97	132	64	39	39	85	34	26	30	76	26	24	21	33	83	25	44	75	116	38	89	111	53	57	59	72	58	36	43	57	53	63	31	102	72	15	27	51	43	23	43	114	14	11	23	51	127	26	40	141
PD26409a	52	53	3	46	49	55	7	44	32	23	0	29	50	36	5	83	30	20	6	32	17	18	4	28	11	21	4	21	29	26	3	59	85	39	100	70	72	54	82	84	44	48	92	42	99	77	52	92	51	24	39	58	27	28	26	46	18	12	17	32	49	19	24	62	114	32	56	90	60	44	50	78	56	32	26	69	54	44	20	71	52	17	25	52	54	22	47	99	18	9	28	41	82	16	34	104
PD26412c	97	49	8	70	80	59	9	84	67	46	9	49	73	60	6	124	41	21	8	27	31	16	5	26	20	23	1	22	30	31	4	46	120	64	162	101	107	66	118	111	72	83	146	96	222	133	70	196	63	31	33	107	44	29	29	60	22	26	27	40	76	29	46	67	104	53	69	112	46	61	55	76	52	47	40	50	68	69	39	71	61	18	35	63	51	31	40	120	14	15	20	53	101	25	39	114
PD26414f	65	58	9	41	69	33	11	46	45	33	7	28	78	55	10	80	26	34	7	22	82	20	2	48	43	28	4	25	81	51	1	98	119	58	71	68	122	71	48	93	118	81	54	74	350	197	50	267	60	17	23	51	49	26	57	60	21	19	28	22	65	14	40	64	72	33	44	75	41	27	33	47	44	27	20	67	63	40	28	79	53	12	21	25	56	12	24	66	38	9	18	31	97	12	34	72
PD26422e	66	62	4	50	75	33	7	61	34	28	8	42	59	45	4	73	30	16	5	36	49	29	6	51	21	20	6	24	55	40	3	54	103	78	101	82	133	78	63	107	92	80	85	83	130	114	42	131	46	18	36	58	30	34	55	56	18	11	29	29	59	12	36	52	98	34	53	69	38	31	31	50	52	26	29	40	58	35	22	55	34	10	17	19	49	17	25	55	20	5	14	21	86	10	26	67
PD26423e	109	84	14	56	130	42	20	79	85	43	15	62	127	88	14	168	99	66	8	66	178	67	12	79	95	61	25	63	117	81	6	92	149	89	144	110	186	80	110	170	193	185	131	174	191	156	62	181	96	33	30	80	98	25	58	86	38	15	24	46	128	27	54	83	157	27	53	101	67	32	45	90	71	50	32	74	111	52	27	105	56	8	20	41	109	28	24	122	74	11	11	48	181	19	36	144
PD26423g	73	44	6	39	44	23	13	45	63	36	11	40	90	57	13	132	76	33	8	38	34	26	6	19	34	27	6	27	41	33	3	46	93	54	124	54	96	47	101	103	74	59	109	67	116	111	56	141	61	30	29	68	43	16	31	39	18	9	12	24	64	18	16	48	78	24	43	62	35	27	28	43	43	38	23	53	41	40	23	55	41	7	16	23	40	14	20	47	13	9	6	19	58	17	22	61
PD26425f	111	71	10	58	60	58	2	74	53	36	8	51	74	79	12	100	45	36	6	41	33	37	7	31	29	11	3	26	65	55	6	116	117	40	107	70	70	71	98	96	59	65	104	76	148	114	58	122	64	28	37	75	39	28	34	76	17	19	18	42	71	20	30	86	99	45	78	111	59	58	45	74	62	43	42	74	50	76	30	84	93	20	41	48	51	15	42	114	24	16	24	89	133	21	39	139
PD26429a	52	51	7	31	47	29	9	36	32	33	9	29	64	39	7	95	34	18	5	17	13	10	3	21	14	17	5	26	39	33	3	53	101	63	160	70	78	65	100	92	62	71	123	52	134	148	95	162	39	15	26	62	25	16	17	29	16	20	15	23	60	14	26	45	82	47	64	112	45	44	46	53	56	48	34	66	63	50	40	75	77	10	19	40	68	17	48	128	20	11	16	50	104	10	27	121
PD26434c	19	12	1	8	13	4	2	14	14	6	1	17	14	19	3	25	7	3	0	5	0	7	3	8	3	7	1	6	6	4	1	12	18	20	43	12	22	21	30	27	17	11	33	15	12	22	20	18	22	14	13	20	7	5	12	7	5	6	4	4	31	3	21	15	37	17	22	41	18	10	21	28	18	11	14	16	25	19	20	40	47	6	6	19	30	7	13	52	8	4	6	19	79	11	20	52
PD26402c	102	72	14	94	92	64	6	77	57	41	9	72	80	57	9	99	63	30	12	53	25	25	4	41	21	21	1	26	60	37	4	89	113	55	124	80	105	56	85	110	71	60	110	72	184	126	62	211	81	33	68	102	44	53	51	103	28	24	30	38	90	39	61	90	101	45	75	111	50	68	63	71	50	38	49	67	76	91	37	88	85	16	35	50	41	20	52	106	22	9	24	88	106	28	41	131
PD26404a	55	37	10	38	53	45	9	40	42	28	9	36	80	28	6	73	27	17	3	30	10	13	2	23	5	12	2	18	26	19	4	41	125	42	150	62	62	52	80	62	61	48	124	61	99	84	68	107	46	27	32	61	18	14	35	37	12	14	12	18	72	19	32	51	88	41	72	87	44	35	36	67	65	52	41	62	55	43	39	86	78	18	15	45	52	16	28	85	14	13	8	37	117	23	22	124
PD26415g	32	25	8	24	39	19	5	62	43	37	7	32	78	35	7	145	12	5	4	21	10	10	0	13	5	9	1	8	19	16	3	23	46	27	87	40	41	36	43	46	44	28	53	39	44	48	31	44	32	12	18	61	21	8	19	23	12	8	7	18	39	10	21	33	68	41	41	69	40	29	45	60	29	31	19	40	41	34	21	80	45	11	19	38	52	9	44	103	8	8	12	48	114	16	29	132
PD26418c	115	84	14	102	110	93	19	103	71	52	11	62	87	91	13	128	63	45	18	42	57	33	13	42	29	26	5	33	39	35	9	104	156	78	114	119	92	88	89	150	86	84	92	96	148	159	63	136	67	45	77	112	70	52	62	114	36	26	46	57	99	42	57	124	128	52	100	110	71	78	70	91	72	36	55	79	95	102	53	107	97	15	51	44	55	30	75	95	22	9	42	37	120	24	77	126
PD26418d	116	104	19	108	105	96	23	105	78	48	11	71	88	89	12	140	71	41	24	49	57	49	14	48	24	27	7	41	53	52	7	106	178	83	120	116	107	95	92	161	89	93	93	106	162	152	69	171	74	46	77	113	73	62	67	121	41	27	55	64	103	41	50	120	138	56	96	120	86	92	76	93	75	38	58	79	93	97	50	132	95	14	57	46	60	35	81	94	21	11	41	44	124	23	77	125
PD26419a	94	76	15	87	96	72	10	69	78	35	6	47	76	80	14	102	46	24	13	36	37	24	6	35	14	16	4	25	204	52	17	305	73	41	130	82	72	53	67	90	53	53	85	58	543	162	76	346	56	36	49	65	36	57	56	96	20	21	26	52	57	29	30	85	66	31	53	66	39	54	45	62	37	36	30	52	30	39	25	52	10	12	30	31	15	14	38	74	12	7	26	49	34	22	34	60
PD26420a	56	50	9	50	46	58	4	46	34	32	3	29	30	26	4	58	22	12	6	19	25	16	9	27	19	14	1	14	26	24	4	47	76	39	87	46	63	46	50	98	68	36	66	46	97	80	44	101	56	30	35	51	29	34	34	48	10	9	9	21	46	15	27	47	62	33	42	54	24	36	25	58	21	16	19	30	29	31	18	37	53	8	17	27	30	4	24	40	15	7	13	26	53	8	17	48
PD26427c	48	44	10	37	41	35	5	38	38	18	3	24	63	22	2	73	25	10	4	31	16	13	2	20	11	12	2	20	23	16	4	37	70	32	83	52	54	26	67	57	34	39	70	47	72	58	27	84	33	28	34	57	19	23	30	46	20	11	17	40	61	16	34	71	83	33	51	79	34	43	34	62	41	25	39	36	53	32	23	61	53	15	25	49	42	20	31	98	9	8	8	58	80	21	31	102
PD26432e	64	40	5	42	60	34	8	72	54	32	10	43	106	34	7	146	39	14	7	41	7	20	4	17	14	20	2	32	29	21	4	47	90	40	195	44	58	44	120	71	51	52	120	62	102	67	72	82	77	35	31	103	36	24	23	52	20	15	12	14	113	18	50	75	108	57	69	115	63	42	59	82	81	56	66	89	82	81	45	119	202	38	23	95	135	30	80	239	34	23	16	123	314	39	51	234
PD26411a	119	77	15	89	153	51	19	110	76	61	14	80	153	69	18	183	79	51	13	47	122	68	16	82	57	53	10	45	81	72	8	96	175	91	164	115	138	109	118	160	171	193	196	171	219	161	92	216	103	42	53	99	72	51	57	102	47	25	26	50	127	27	65	97	178	50	71	123	72	62	55	100	76	57	42	74	105	74	50	108	96	20	34	58	119	26	52	172	57	18	22	112	186	29	49	149
PD26412d	21	9	2	11	16	14	1	10	11	10	2	8	13	11	3	24	4	2	2	2	9	4	0	4	1	4	0	3	2	8	1	11	20	14	34	19	19	14	24	16	19	20	24	19	42	29	11	27	8	8	5	16	8	4	8	13	6	2	5	5	12	6	4	11	22	11	7	16	2	15	6	7	6	10	8	7	8	14	7	9	6	4	8	13	12	4	7	14	4	4	5	7	17	8	6	16
PD26414e	34	30	8	23	28	18	5	26	23	18	7	15	41	29	6	36	15	10	2	15	8	4	1	9	13	4	1	8	31	17	2	44	65	34	56	30	58	47	32	49	45	35	36	31	152	108	27	132	34	11	27	34	14	16	18	28	9	7	11	19	28	9	9	32	37	23	31	65	27	18	26	29	23	18	17	39	36	25	21	40	36	7	15	21	18	8	15	34	11	4	9	19	35	9	19	43
PD26416d	82	56	15	40	70	40	11	57	72	33	7	50	84	46	5	106	36	18	1	33	15	12	1	24	17	15	2	26	40	23	3	42	85	53	124	73	81	55	81	83	72	61	113	72	119	98	54	93	50	17	44	51	36	22	34	44	13	12	20	34	50	9	21	49	96	29	54	80	31	40	44	47	57	21	33	50	46	41	31	65	36	12	13	30	27	10	12	65	7	5	10	18	35	12	18	58
PD26416e	85	57	14	50	61	34	13	56	60	32	7	52	76	46	7	102	47	19	4	36	20	11	2	25	18	19	3	27	30	26	4	46	91	63	133	80	94	67	85	85	83	70	111	84	130	104	59	116	46	17	38	53	32	19	33	40	23	10	22	29	53	9	16	56	98	32	59	74	40	41	48	51	60	24	30	51	51	38	32	68	34	11	14	31	31	9	14	67	8	6	10	19	29	15	22	65
PD26418e	130	99	19	117	114	90	22	102	82	54	10	73	103	95	13	142	70	41	23	54	69	50	12	51	29	30	8	42	66	52	9	118	176	84	121	112	102	95	89	168	91	92	92	105	159	149	65	166	74	44	75	113	67	62	62	131	47	28	57	71	121	45	55	129	134	56	94	117	82	91	77	90	78	40	55	78	93	96	55	122	99	18	57	46	66	33	78	101	30	11	46	45	129	23	79	131
PD26422f	66	60	3	48	71	33	6	65	33	28	9	40	55	44	4	72	29	18	5	32	51	31	7	52	26	21	6	23	56	40	4	57	100	75	93	84	132	82	62	104	95	83	83	88	132	108	40	129	51	19	38	56	30	37	53	51	17	13	29	29	63	14	36	54	98	32	53	67	37	31	30	51	51	27	29	37	58	37	20	53	35	9	17	19	46	19	27	54	20	7	16	19	84	11	27	68
PD26423h	102	69	10	49	86	36	13	64	80	55	12	60	103	78	15	157	88	57	9	53	130	53	8	62	62	44	17	49	82	58	4	78	120	75	140	85	137	67	107	147	124	124	121	129	147	143	61	179	86	35	26	77	88	21	48	71	32	13	25	34	94	24	40	76	126	33	52	80	52	35	34	68	59	47	25	66	73	53	27	82	57	8	19	38	80	27	22	93	45	10	15	40	123	17	25	130
PD26435c	118	104	17	92	99	100	7	95	67	59	8	58	89	112	11	135	52	22	9	50	19	24	5	51	18	21	6	23	42	40	6	85	105	71	77	103	97	59	57	114	80	82	68	93	115	122	44	112	56	49	61	99	55	61	61	66	30	24	42	52	78	37	23	62	93	34	69	102	45	58	62	71	47	36	43	60	59	38	25	56	43	18	22	38	12	21	28	91	18	8	25	35	37	16	22	87
PD26406c	68	48	13	41	55	33	6	47	41	27	7	25	66	38	7	73	33	24	6	27	21	26	4	20	15	9	2	25	35	20	6	56	83	57	81	61	87	71	51	102	62	49	56	79	187	135	44	169	74	23	37	75	25	25	35	47	15	18	25	21	68	18	30	56	94	31	70	79	56	42	34	76	54	36	33	68	75	42	39	61	90	8	16	45	42	15	29	83	21	20	12	45	128	22	25	93
PD26407a	32	21	5	15	36	20	2	19	28	19	2	16	21	25	1	44	10	9	3	19	6	8	2	8	6	5	1	9	8	7	1	23	53	29	66	21	40	37	37	45	32	22	51	30	52	46	48	42	37	26	22	55	17	10	12	27	9	6	8	17	37	13	19	24	55	29	42	54	29	17	28	32	39	18	24	25	36	27	20	58	57	11	12	18	33	6	16	75	12	9	5	34	84	11	7	45
PD26408c	66	51	12	59	64	47	6	95	66	43	3	61	94	53	10	139	44	20	8	31	14	16	3	32	10	12	3	20	44	17	3	52	73	59	189	68	91	80	132	91	65	57	183	75	164	103	88	116	55	36	36	80	29	22	27	64	28	21	19	28	72	23	38	69	108	31	77	102	44	55	58	71	55	32	36	55	49	53	24	91	73	12	26	49	43	23	44	117	14	10	21	51	119	26	36	138
PD26418a	111	89	13	101	110	92	19	104	74	48	12	67	88	93	13	128	65	44	15	46	53	32	13	43	28	23	5	35	44	39	11	102	157	77	116	121	93	91	83	145	86	86	93	96	148	156	62	140	70	44	84	117	73	52	59	112	40	25	49	61	101	42	54	126	132	50	95	114	69	75	70	90	71	35	56	77	95	100	55	108	94	14	50	44	53	32	74	91	24	10	39	37	121	24	75	127
PD26419c	54	37	8	36	44	31	3	45	37	25	3	28	40	38	3	57	19	10	4	13	18	12	4	20	6	9	1	17	96	25	8	130	27	13	64	35	35	20	39	40	21	12	42	27	155	60	28	96	21	16	24	32	27	19	18	57	10	12	15	19	32	15	20	48	35	19	36	36	19	27	15	32	13	20	13	31	14	17	9	24	6	6	16	17	11	7	12	26	6	2	16	22	10	12	17	26
PD26405c	90	85	8	75	67	53	6	72	44	50	8	46	61	68	12	92	35	25	6	34	26	32	5	37	21	25	3	19	40	26	6	84	118	48	119	86	79	68	82	108	66	56	84	56	134	125	54	150	76	45	63	89	48	46	65	86	33	18	34	38	93	36	40	81	104	45	83	95	57	63	58	77	43	45	38	55	63	45	40	103	66	18	32	44	48	31	52	128	17	7	15	35	85	22	58	107
