A.C.A.A	A.C.A.C	A.C.A.G	A.C.A.T	C.C.A.A	C.C.A.C	C.C.A.G	C.C.A.T	G.C.A.A	G.C.A.C	G.C.A.G	G.C.A.T	T.C.A.A	T.C.A.C	T.C.A.G	T.C.A.T	A.C.G.A	A.C.G.C	A.C.G.G	A.C.G.T	C.C.G.A	C.C.G.C	C.C.G.G	C.C.G.T	G.C.G.A	G.C.G.C	G.C.G.G	G.C.G.T	T.C.G.A	T.C.G.C	T.C.G.G	T.C.G.T	A.C.T.A	A.C.T.C	A.C.T.G	A.C.T.T	C.C.T.A	C.C.T.C	C.C.T.G	C.C.T.T	G.C.T.A	G.C.T.C	G.C.T.G	G.C.T.T	T.C.T.A	T.C.T.C	T.C.T.G	T.C.T.T	A.T.A.A	A.T.A.C	A.T.A.G	A.T.A.T	C.T.A.A	C.T.A.C	C.T.A.G	C.T.A.T	G.T.A.A	G.T.A.C	G.T.A.G	G.T.A.T	T.T.A.A	T.T.A.C	T.T.A.G	T.T.A.T	A.T.C.A	A.T.C.C	A.T.C.G	A.T.C.T	C.T.C.A	C.T.C.C	C.T.C.G	C.T.C.T	G.T.C.A	G.T.C.C	G.T.C.G	G.T.C.T	T.T.C.A	T.T.C.C	T.T.C.G	T.T.C.T	A.T.G.A	A.T.G.C	A.T.G.G	A.T.G.T	C.T.G.A	C.T.G.C	C.T.G.G	C.T.G.T	G.T.G.A	G.T.G.C	G.T.G.G	G.T.G.T	T.T.G.A	T.T.G.C	T.T.G.G	T.T.G.T
PD26400_NA	12	9	1	12	6	6	0	6	9	1	0	3	5	1	0	13	6	4	1	2	2	3	0	2	3	0	1	3	3	3	2	8	10	4	9	12	9	7	5	11	7	4	10	6	22	15	2	17	4	2	5	7	2	1	2	9	3	3	6	5	9	3	6	6	12	1	0	8	5	6	4	5	5	8	6	8	2	8	3	7	5	1	5	5	4	1	2	5	4	0	0	14	8	3	5	10
PD26400_6	85	52	10	72	64	57	15	67	42	44	10	43	61	62	7	100	33	26	12	38	17	17	4	19	17	13	4	23	52	33	4	78	99	55	115	69	80	58	83	90	54	61	116	84	143	102	64	126	47	42	56	96	38	35	42	67	26	24	28	51	70	29	44	96	93	54	85	102	61	66	51	76	64	99	59	92	44	92	29	71	81	21	35	49	59	23	59	178	23	26	35	145	119	30	30	134
PD26400_4	17	23	0	16	17	13	2	10	14	6	1	6	10	14	0	21	10	7	2	8	2	5	2	4	0	2	1	1	7	2	0	8	19	12	13	32	26	10	9	27	14	11	10	11	50	51	15	47	16	6	7	21	13	4	17	14	5	1	6	8	19	4	7	14	21	7	14	20	5	10	10	9	11	10	6	10	11	4	6	11	4	2	6	5	4	2	3	5	3	0	7	5	6	1	5	18
PD26400_2	8	11	2	8	6	7	1	10	6	9	1	1	9	5	1	16	3	2	1	4	0	0	0	3	3	2	0	3	1	3	1	4	19	5	5	9	18	6	3	13	9	11	8	5	34	19	7	29	3	8	9	13	2	6	4	9	1	3	1	4	1	3	1	4	10	4	4	9	2	1	6	2	6	3	3	5	2	5	0	5	2	0	3	3	1	1	3	3	1	1	1	3	2	2	1	7
PD26400_1	2	4	2	4	4	3	1	4	7	4	0	8	3	8	0	10	2	2	0	0	2	3	0	0	0	1	0	0	3	0	0	5	10	6	4	3	4	1	4	3	5	1	4	1	15	13	5	19	2	1	4	9	2	3	1	6	1	1	0	3	5	3	4	5	2	2	2	6	2	2	3	1	1	2	1	2	0	2	1	3	1	1	3	0	1	1	3	0	0	0	1	1	0	0	1	4
PD26400_5	0	0	0	1	0	1	0	0	0	0	0	0	1	2	0	2	1	0	0	0	0	0	0	0	1	0	0	0	0	0	1	1	0	1	0	2	0	0	0	1	2	1	0	1	2	1	0	4	1	0	0	0	0	0	0	1	0	0	0	0	0	0	0	0	0	0	0	0	1	0	1	0	1	0	2	0	0	2	0	0	0	0	0	0	1	0	1	0	0	0	0	0	0	0	0	1
PD26400_3	3	2	0	5	4	2	0	2	0	1	0	1	2	2	0	6	2	1	1	2	1	1	0	1	0	0	0	0	0	1	0	0	3	1	0	1	3	0	1	1	4	1	1	0	7	1	0	4	2	1	3	7	2	3	2	3	1	1	1	0	9	0	0	5	0	0	1	2	1	0	0	0	1	2	1	4	0	0	2	2	1	1	1	0	0	0	2	0	1	0	0	1	2	0	0	2
PD26401_3	39	17	5	24	17	9	2	32	37	15	4	22	38	28	2	68	11	9	1	13	12	6	1	10	9	9	1	10	15	14	0	16	46	23	103	33	36	36	67	31	31	27	81	24	41	41	55	62	25	20	16	53	19	14	12	18	9	8	8	14	37	10	25	32	57	34	36	57	48	17	36	45	33	39	28	54	38	42	25	55	56	8	7	39	63	20	39	121	14	13	5	81	87	16	22	110
PD26401_2	29	27	1	20	25	20	5	18	17	11	0	19	19	23	4	26	11	3	1	4	6	4	2	11	5	3	1	4	7	9	0	15	45	24	76	24	37	20	39	51	22	27	56	27	57	39	21	58	25	16	13	20	15	10	18	22	6	7	7	10	14	8	7	30	37	9	29	30	16	9	15	17	20	7	13	35	11	10	12	22	7	6	5	8	8	6	10	12	5	2	9	9	8	4	10	18
PD26401_1	57	39	2	35	26	23	5	25	16	17	4	24	30	32	1	38	7	9	2	14	10	8	1	14	5	9	2	8	8	14	0	28	60	26	77	49	54	25	58	42	30	36	78	30	73	52	28	79	26	14	24	43	13	16	13	26	8	1	8	19	24	14	12	31	58	9	21	27	19	12	15	9	20	19	15	18	17	14	13	28	15	6	4	14	7	9	11	14	8	7	4	6	8	9	10	21
PD26401_NA	9	6	0	4	9	6	1	9	4	6	2	4	9	3	0	9	1	4	2	3	2	4	0	1	2	4	0	2	3	3	0	8	12	2	9	10	6	6	8	8	6	6	12	5	18	13	10	13	8	0	5	15	3	1	5	9	4	0	1	3	5	2	7	12	6	3	3	6	3	5	7	5	6	4	1	7	6	8	2	2	3	0	2	2	4	1	2	13	1	1	0	6	6	1	2	8
PD26402_6	70	46	12	62	54	41	4	43	39	26	6	40	58	37	6	76	41	20	7	34	15	13	2	24	16	14	1	20	39	30	4	61	76	34	95	59	80	41	63	70	59	41	88	52	118	84	44	133	59	23	41	57	26	41	32	67	17	14	25	23	60	31	31	62	66	27	54	72	30	52	41	52	33	29	35	52	56	57	25	65	62	11	20	41	25	16	31	84	11	8	20	64	78	21	29	95
PD26402_1	12	6	0	7	9	5	1	15	10	4	2	9	10	12	1	8	7	7	4	8	1	6	2	4	3	1	0	2	8	4	0	7	20	9	16	9	14	6	9	18	2	11	10	10	40	24	10	43	9	5	11	21	6	5	8	17	3	2	4	6	17	5	11	13	16	7	6	15	6	4	9	7	10	5	4	6	7	17	4	8	6	2	10	2	1	0	4	6	1	0	0	5	2	3	3	11
PD26402_3	4	4	0	5	3	3	1	4	0	4	0	4	2	1	1	3	0	0	0	2	2	1	0	0	0	0	0	1	1	1	0	4	0	1	3	3	1	1	5	3	2	2	2	2	3	8	2	12	1	0	0	2	2	2	1	4	1	1	0	2	0	1	2	4	2	0	1	2	1	3	2	2	3	2	2	1	3	1	1	3	2	2	0	0	0	0	1	0	1	0	0	0	2	1	1	2
PD26402_7	6	7	0	8	10	5	0	11	4	3	0	15	6	5	0	8	8	2	0	8	3	5	0	10	2	4	0	3	8	2	0	10	8	5	11	5	8	7	7	13	5	8	9	6	19	9	6	16	6	1	9	16	9	2	8	8	2	5	1	5	9	2	6	8	14	6	7	11	7	5	7	4	4	2	10	6	6	8	4	7	5	2	2	6	8	3	4	8	5	1	3	14	12	1	5	14
PD26402_2	2	0	0	2	0	2	0	0	0	0	0	1	0	1	1	1	1	2	0	1	1	2	0	1	0	0	1	0	1	3	0	1	1	0	0	0	1	0	1	0	0	0	0	0	2	1	1	0	1	0	0	4	1	3	0	0	0	0	0	1	0	0	0	2	0	0	0	1	0	2	0	0	0	0	0	0	0	1	0	1	0	0	1	0	0	0	2	0	0	0	1	1	1	0	0	0
PD26402_NA	11	10	2	15	18	15	1	6	7	5	1	6	7	5	1	8	8	2	1	2	6	0	0	5	0	4	0	1	5	3	0	10	10	7	3	6	5	5	9	10	4	2	2	5	11	8	3	16	9	4	8	9	5	6	3	11	5	3	1	3	10	3	12	9	8	6	9	13	7	7	4	7	2	1	2	3	6	9	3	7	11	1	3	2	8	1	13	9	4	0	1	7	19	3	7	12
PD26402_4	0	0	0	0	0	0	0	0	0	0	0	0	0	0	0	0	0	0	0	0	0	0	0	0	0	0	0	0	0	0	0	0	0	0	0	1	0	0	0	0	0	0	0	0	0	0	0	0	0	0	0	0	0	0	0	0	0	0	0	0	0	0	0	0	0	0	0	0	0	0	0	0	0	0	0	0	0	0	0	0	0	0	0	0	0	0	0	0	0	0	0	0	0	0	0	0
PD26403_1	30	37	3	40	54	29	8	43	24	19	5	27	41	37	1	51	36	22	9	38	62	32	8	41	36	29	7	27	55	39	4	74	57	31	12	41	64	28	16	76	69	76	34	67	56	42	8	51	40	18	24	24	32	23	33	43	16	7	24	22	53	17	21	41	78	12	30	37	49	32	30	48	31	24	13	28	39	29	7	37	19	5	19	8	40	19	28	71	24	11	18	31	76	11	20	47
PD26403_7	67	58	6	49	66	45	8	78	62	40	7	57	75	66	8	127	52	30	5	48	19	26	8	27	15	18	4	30	25	27	4	41	129	57	182	86	80	88	125	108	94	76	150	77	84	71	82	94	69	39	50	99	40	26	33	49	20	13	22	21	75	31	42	82	133	33	80	117	82	56	66	115	78	44	54	82	90	75	48	117	95	22	21	73	74	22	48	111	22	12	17	44	137	28	45	145
PD26403_2	23	25	1	18	23	18	4	17	12	12	3	15	20	20	2	23	17	2	7	18	10	10	4	17	11	13	0	11	14	12	1	18	39	21	14	23	26	18	10	20	23	14	15	25	24	24	6	21	12	9	14	20	12	6	11	18	7	6	4	8	16	6	6	30	19	8	22	28	28	12	14	14	13	7	2	12	10	11	3	7	13	4	18	10	3	5	18	4	5	6	8	5	8	6	7	9
PD26403_3	5	4	0	5	8	4	1	2	3	3	0	2	1	6	1	4	3	3	0	4	3	3	0	4	1	0	1	1	1	4	1	1	9	6	0	2	4	1	3	6	1	5	7	3	2	4	0	7	2	3	3	3	6	2	4	9	3	1	3	3	6	3	3	8	5	2	1	6	1	3	5	5	1	1	3	3	4	3	1	3	4	2	4	0	4	2	5	2	0	1	1	0	2	0	2	5
PD26403_4	5	0	0	2	0	5	1	0	0	2	1	0	1	3	0	7	2	1	0	4	2	2	1	0	1	1	0	3	1	1	1	3	9	2	3	2	2	6	4	3	4	6	4	3	0	5	1	1	2	3	1	3	3	3	1	3	0	0	1	5	2	2	0	4	3	1	1	1	3	1	1	0	0	1	4	2	0	1	2	2	1	1	0	1	1	1	1	1	1	0	0	0	1	1	0	2
PD26403_NA	14	13	5	10	16	7	2	15	11	7	0	8	18	9	1	19	9	5	1	8	17	10	0	18	13	2	1	8	20	5	2	14	23	14	11	13	24	14	7	32	23	18	21	18	17	13	7	24	12	7	8	23	16	5	9	12	4	3	2	15	14	6	10	20	25	9	12	11	9	12	4	11	8	9	7	12	13	17	7	16	14	1	4	5	18	4	6	19	4	0	3	11	28	5	7	25
PD26403_5	1	0	0	0	0	0	0	0	0	0	0	0	0	0	0	1	0	0	0	0	0	1	0	2	0	1	0	0	0	0	0	0	1	0	1	1	0	3	0	1	1	0	0	0	0	0	0	1	0	0	0	0	1	0	0	0	0	0	0	0	0	0	1	1	1	0	0	0	0	0	1	0	2	0	0	0	0	0	1	2	0	0	0	0	0	0	0	1	0	0	0	0	0	0	0	0
PD26403_6	0	1	0	1	2	0	0	2	1	0	0	0	1	0	0	0	0	1	0	1	0	0	1	0	1	1	0	0	0	0	0	0	2	1	3	2	3	1	0	2	1	0	0	3	1	0	0	2	0	1	1	2	1	0	1	1	1	0	1	2	0	2	0	2	0	0	3	0	1	1	0	0	1	1	2	0	0	1	0	0	0	0	1	0	0	0	0	0	0	0	0	0	0	1	1	1
PD26404_2	54	36	10	39	51	45	9	39	41	30	9	33	79	26	6	74	25	16	3	30	10	15	3	22	5	12	2	18	20	19	4	38	123	41	146	62	63	52	83	64	58	47	125	59	99	80	65	102	44	23	30	56	19	13	32	37	13	12	12	19	70	18	30	46	90	37	73	86	41	37	33	65	66	49	38	63	54	41	39	83	77	17	14	41	52	16	27	84	14	12	7	35	111	24	20	121
PD26404_1	1	0	0	1	0	1	0	1	0	0	0	1	2	1	0	2	1	0	0	0	0	0	0	0	0	0	0	0	1	1	0	1	0	0	3	0	0	1	1	0	0	0	1	0	1	0	0	1	1	1	0	2	0	1	0	1	0	0	1	0	1	0	1	2	0	2	0	1	0	1	0	0	1	1	1	0	0	0	0	2	0	0	0	0	0	0	0	1	0	0	2	0	0	0	0	1
PD26404_NA	2	1	0	0	3	2	0	2	2	0	0	2	2	1	0	3	2	1	0	0	1	0	0	1	0	0	0	0	5	0	0	4	3	2	3	2	1	1	0	0	3	1	4	1	3	6	4	7	2	3	2	5	0	0	3	1	0	3	0	1	3	1	2	5	1	4	0	3	3	0	4	3	1	3	2	2	4	2	0	6	2	0	1	4	3	1	3	2	0	1	0	2	6	0	2	3
PD26405_1	18	17	3	20	12	25	2	17	8	14	2	15	14	21	1	12	8	8	2	5	7	9	0	6	2	3	0	9	12	12	0	30	21	5	2	10	9	11	3	27	12	8	9	5	42	26	5	37	17	8	23	23	13	18	23	27	9	5	4	14	15	11	8	28	16	5	12	18	17	11	10	9	6	5	3	17	14	8	5	11	4	4	8	1	6	5	11	6	1	0	7	4	5	3	11	14
PD26405_3	67	60	7	51	46	32	2	47	35	23	6	28	43	43	13	70	20	18	5	21	18	18	5	23	16	22	1	12	27	11	4	51	92	42	112	66	64	57	77	78	53	50	75	47	86	84	51	102	56	33	34	66	28	27	42	52	20	13	19	28	69	20	27	47	91	35	62	68	36	43	45	60	28	39	31	36	54	38	35	92	61	16	23	39	40	25	37	111	16	8	8	33	79	20	46	88
PD26405_2	3	6	0	3	5	2	0	2	3	3	0	4	2	5	0	6	2	1	1	6	0	3	0	1	0	1	1	0	1	4	0	1	1	2	1	5	4	3	1	4	1	0	1	3	5	6	0	8	5	2	5	2	3	3	4	3	1	1	1	2	5	1	1	2	1	1	3	3	1	5	1	2	3	2	1	2	1	0	0	4	0	1	5	2	2	2	1	6	0	0	0	0	1	0	2	5
PD26406_6	52	36	9	34	49	26	6	35	28	18	7	20	56	22	6	49	26	15	4	18	16	19	3	15	11	7	1	16	26	15	4	42	48	40	64	44	56	47	40	70	40	33	46	60	87	69	31	106	50	15	30	48	17	18	24	35	10	11	17	15	42	15	18	40	63	29	52	55	43	28	25	64	36	27	25	47	55	30	30	50	77	7	11	34	36	13	23	70	14	13	7	34	102	13	20	71
PD26406_3	8	8	1	6	2	1	0	1	2	2	2	2	7	4	0	6	2	0	0	2	3	1	1	4	1	0	0	0	2	2	0	5	13	2	5	7	6	3	0	3	4	7	2	3	27	15	6	17	7	7	6	7	2	2	4	5	3	3	1	3	4	3	4	8	8	2	8	3	2	3	1	3	2	0	0	3	3	1	1	5	2	0	4	4	2	0	4	0	0	1	1	2	4	2	2	2
PD26406_2	10	7	4	6	4	7	0	8	11	5	0	3	6	12	1	17	5	7	2	6	5	5	1	3	4	1	1	7	5	5	1	12	24	13	10	14	25	15	8	25	18	14	7	12	77	52	8	50	16	6	4	16	5	6	9	7	4	7	6	4	17	2	7	14	18	1	13	16	12	9	8	6	15	6	5	16	16	7	8	8	7	1	3	6	3	2	4	10	4	6	3	4	17	5	3	16
PD26406_5	1	4	0	3	4	2	0	2	4	4	0	1	2	4	0	2	1	2	0	2	1	0	0	1	1	0	0	3	2	0	0	7	5	2	1	2	2	4	0	5	7	2	0	3	13	7	2	15	3	3	1	1	1	2	3	1	2	2	1	2	1	2	3	3	4	4	0	3	6	3	2	3	4	0	3	1	3	3	1	4	2	0	2	0	1	2	1	1	1	0	3	0	1	0	1	2
PD26406_4	0	0	0	0	0	0	0	1	1	1	0	0	0	0	0	0	0	1	0	0	0	1	0	0	0	0	0	0	2	0	0	0	0	0	0	0	1	1	0	1	1	0	2	3	0	3	1	0	3	0	0	1	1	0	0	0	0	0	0	0	1	0	0	0	0	0	0	1	1	1	0	1	0	1	1	2	0	0	0	1	2	0	0	0	0	0	0	0	0	0	0	0	0	0	0	1
PD26406_1	2	1	0	0	1	0	0	1	0	1	0	0	0	2	0	0	0	1	0	0	0	1	0	0	0	0	0	1	1	0	0	0	1	1	1	1	2	1	0	4	2	1	0	0	5	6	0	3	2	0	4	2	1	0	0	3	0	0	1	0	2	0	0	1	1	1	0	3	0	0	0	0	1	1	0	1	0	0	1	0	1	0	1	2	0	0	0	0	0	1	1	1	4	1	1	2
PD26406_NA	6	4	1	4	2	2	0	5	1	3	0	2	6	2	0	7	2	0	0	3	1	1	0	2	0	1	0	2	2	1	1	3	14	3	6	5	4	10	3	4	3	2	3	5	19	9	3	18	6	2	2	9	4	1	3	2	1	1	1	1	4	1	5	2	10	0	4	6	1	3	1	4	3	4	4	3	4	5	0	5	5	0	1	5	3	1	3	6	4	0	1	6	10	3	1	8
PD26407_1	1	1	0	1	0	0	0	1	0	1	2	2	1	1	0	1	0	1	0	0	1	1	0	0	1	1	0	0	0	1	0	3	2	0	2	1	2	0	0	0	2	0	3	3	0	2	0	3	3	6	6	1	1	0	3	0	1	2	0	1	1	2	0	1	1	1	0	5	1	0	1	4	0	1	0	1	3	0	0	0	1	0	0	1	0	0	1	0	0	1	1	1	1	0	0	0
PD26407_3	27	20	4	13	36	21	1	18	27	17	2	16	24	24	1	41	9	9	2	18	7	7	3	8	6	6	1	9	6	6	1	21	46	28	68	19	40	35	42	41	32	23	51	33	50	46	48	40	35	21	19	51	16	10	11	27	10	3	7	14	35	10	19	20	57	27	41	45	29	16	30	33	36	16	24	24	35	24	18	60	54	14	12	17	32	5	15	74	11	10	4	31	84	11	6	44
PD26407_2	2	0	1	2	2	1	0	0	1	1	0	0	0	2	1	0	1	1	1	2	0	0	0	0	1	0	0	0	2	0	0	0	3	3	1	0	3	0	1	2	2	1	2	0	2	1	1	4	1	3	2	5	2	1	3	2	1	2	1	3	0	2	1	1	2	1	3	6	1	1	0	1	2	3	2	3	2	1	0	2	1	1	0	0	0	0	0	0	1	0	0	0	0	1	0	0
PD26407_NA	4	2	0	1	1	0	1	2	1	3	0	0	1	1	1	4	2	2	1	0	0	1	0	0	0	0	0	0	0	1	0	3	7	0	0	2	4	5	1	5	2	0	2	1	4	3	2	4	3	4	7	3	3	0	0	2	0	1	0	2	4	2	1	3	2	1	1	3	1	1	1	2	2	1	0	0	0	2	4	1	3	0	2	2	2	2	2	3	1	1	1	5	4	1	1	3
PD26408_3	64	48	10	56	60	47	7	91	67	42	3	58	87	47	8	127	43	19	8	28	13	16	3	32	10	12	3	19	40	15	3	52	67	57	186	60	86	71	130	91	64	56	184	74	150	99	85	110	51	34	34	77	28	22	23	61	26	20	16	23	66	21	36	64	103	30	75	98	46	53	56	71	55	32	35	54	47	50	25	91	72	12	24	47	41	23	44	112	14	10	19	49	117	28	33	128
PD26408_2	14	15	1	12	17	11	0	14	8	1	1	8	12	8	2	16	7	3	2	7	4	1	1	4	0	2	0	2	9	2	1	10	25	7	16	10	8	12	10	24	12	8	27	12	25	21	7	28	13	3	5	11	3	5	7	16	2	3	4	10	17	5	6	12	14	8	10	14	8	4	4	2	4	4	6	5	8	14	5	16	3	3	2	2	1	3	0	4	0	1	3	1	9	1	4	13
PD26408_NA	2	2	2	2	4	1	1	4	0	2	0	1	4	6	1	9	3	1	0	2	0	0	0	1	1	0	0	0	4	4	0	2	5	3	7	5	7	5	4	2	2	4	7	1	8	5	8	8	4	2	2	2	3	0	1	3	2	1	3	2	4	0	1	3	5	2	5	6	0	3	3	4	2	0	4	2	2	3	1	1	2	0	1	4	3	1	1	4	0	0	1	3	4	0	5	8
PD26408_1	1	0	0	0	0	0	0	0	0	0	0	0	2	0	0	0	0	0	0	0	1	0	0	0	0	0	0	1	0	0	0	1	0	0	0	2	0	1	1	0	0	0	0	0	2	1	0	0	0	0	1	1	0	0	0	1	0	0	0	1	0	0	0	0	1	0	0	0	0	0	0	0	0	0	0	0	0	0	0	0	0	0	1	0	0	0	0	0	0	0	0	0	0	0	0	1
PD26409_3	45	48	3	39	47	50	6	38	28	21	0	27	46	33	5	78	27	21	6	32	15	15	4	26	11	18	1	20	26	27	3	49	77	39	97	60	71	50	76	76	40	46	89	40	87	73	51	77	48	18	36	55	24	27	21	40	15	13	16	29	43	15	23	57	108	33	53	85	52	40	44	78	51	29	27	64	51	42	19	68	49	13	22	51	52	20	45	93	15	9	26	40	80	14	33	93
PD26409_1	14	12	2	12	7	6	0	6	8	4	3	4	6	4	0	13	4	7	1	7	3	3	1	2	4	5	3	4	5	5	0	19	19	7	11	14	10	9	16	17	12	4	15	6	24	20	6	24	9	8	5	3	4	1	7	9	4	2	2	5	5	5	3	19	17	4	11	15	10	8	9	15	3	3	1	8	7	7	9	8	4	3	5	5	3	3	7	6	1	0	3	1	2	3	1	9
PD26409_2	3	2	0	2	1	0	0	1	0	1	0	0	1	0	0	0	2	0	0	0	1	1	0	1	0	2	2	1	0	1	0	1	3	1	0	3	0	2	2	1	1	1	1	1	2	1	1	7	0	2	2	3	1	0	2	1	1	0	0	1	3	1	0	2	3	0	1	3	2	0	2	0	1	1	0	1	1	0	0	0	0	0	1	0	0	0	2	1	1	0	2	1	0	0	0	4
PD26409_NA	3	2	0	2	2	5	1	3	1	0	0	2	2	3	0	5	1	0	0	1	2	3	0	4	1	0	0	0	2	1	0	2	3	2	3	6	4	4	4	3	0	4	5	2	10	2	1	8	2	2	1	2	1	1	1	2	1	0	1	1	0	0	0	2	3	0	2	4	4	2	2	1	4	2	0	3	3	0	1	1	2	4	0	3	2	3	1	10	2	0	1	2	3	1	1	5
PD26410_3	74	59	5	42	57	32	12	57	63	44	4	62	81	53	13	166	41	23	4	31	13	16	2	24	18	26	3	24	39	36	6	60	128	68	170	75	118	74	109	112	87	72	149	77	237	168	85	228	52	30	37	87	24	26	34	45	19	13	16	27	78	18	30	55	102	36	63	100	55	37	49	63	46	38	40	49	58	62	58	92	70	18	34	62	51	19	47	120	27	21	18	64	107	30	31	102
PD26410_2	0	0	0	0	1	0	0	1	0	0	0	1	2	1	0	0	1	0	0	1	0	0	0	0	0	0	0	0	0	0	0	0	1	0	1	1	0	0	1	1	1	0	3	0	0	1	1	3	0	1	0	1	0	1	0	0	1	0	0	1	0	0	0	1	1	0	3	0	0	0	1	0	1	1	0	1	0	1	1	1	0	1	0	0	0	0	1	1	0	0	0	0	0	0	0	0
PD26410_NA	4	1	0	2	4	1	0	2	3	0	1	1	5	4	0	8	2	1	0	1	1	1	0	0	0	3	0	2	0	2	1	5	3	2	6	1	7	4	4	11	5	2	4	3	17	6	4	13	3	1	2	5	1	1	1	2	2	1	0	3	1	2	1	1	6	1	4	3	2	1	2	1	3	0	3	1	2	2	2	5	7	0	0	2	1	1	0	8	2	1	0	5	8	1	0	6
PD26410_1	0	2	0	0	0	0	0	2	0	0	0	0	1	0	0	1	0	1	0	0	0	0	0	0	0	0	0	0	0	0	0	0	1	0	0	0	0	1	1	1	0	0	0	0	2	1	1	1	1	0	0	0	0	0	0	0	0	0	1	0	1	0	0	3	0	0	1	0	1	0	0	0	0	0	0	0	0	0	0	0	0	0	0	0	0	0	0	0	0	0	0	0	0	0	1	0
PD26411_4	46	40	7	39	81	19	9	49	38	25	11	39	60	25	10	74	27	26	2	21	77	37	10	50	34	31	4	18	50	42	2	34	92	52	29	54	71	39	29	71	107	125	61	106	95	64	26	90	49	15	16	31	44	22	28	50	26	7	15	26	64	13	36	47	82	15	20	37	30	17	14	36	33	6	11	26	64	21	17	48	27	5	11	14	57	7	15	53	35	4	12	33	78	2	16	47
PD26411_5	58	30	7	45	52	26	8	55	35	33	3	44	83	37	7	100	41	22	8	24	42	24	3	28	17	23	5	27	25	28	4	52	87	46	125	64	71	69	88	87	72	76	139	72	114	98	64	112	46	24	38	61	25	26	25	46	21	17	13	21	62	13	27	38	101	37	48	82	33	37	39	57	40	49	29	52	44	54	28	63	62	15	23	42	52	19	34	112	23	15	13	74	100	27	32	91
PD26411_NA	8	5	1	4	13	3	2	11	7	3	1	2	12	6	0	7	7	5	1	5	7	6	2	7	6	2	0	0	5	4	0	6	5	4	11	3	4	9	5	13	9	9	7	12	13	6	4	17	10	2	1	8	2	3	3	7	2	0	1	4	8	2	4	7	5	3	5	5	8	6	5	7	3	3	2	2	7	3	5	5	4	0	2	4	5	1	5	13	2	0	0	7	10	0	2	9
PD26411_2	0	0	0	0	2	0	0	1	1	1	0	0	0	0	0	2	3	0	0	0	1	0	0	2	0	0	0	0	0	1	0	2	0	0	0	0	0	0	0	0	2	3	0	0	1	0	0	0	0	1	0	1	0	1	2	0	1	0	0	1	0	0	2	3	0	0	0	0	0	0	0	0	0	0	0	0	0	1	0	1	0	0	0	0	0	0	0	0	0	1	0	1	0	0	0	1
PD26411_3	12	7	1	7	21	7	1	10	4	6	1	4	4	7	2	13	8	4	2	4	12	8	3	6	7	2	1	3	4	6	2	9	5	6	6	5	8	4	3	7	7	10	8	9	12	10	2	11	3	3	7	6	5	4	5	6	2	3	2	2	5	1	5	11	4	1	1	6	3	4	3	8	2	1	2	2	4	4	3	4	5	1	2	0	8	0	1	7	3	0	0	2	9	0	1	8
PD26411_1	1	0	0	2	0	0	0	0	0	0	0	0	0	0	0	0	0	0	0	0	0	0	0	0	0	0	0	0	1	0	1	1	0	0	0	0	0	0	0	0	1	0	0	0	0	0	0	0	0	0	1	2	0	1	0	0	0	0	1	1	3	0	0	1	0	0	0	0	0	0	0	0	0	0	0	0	0	0	0	0	0	0	0	0	0	0	0	0	0	0	0	0	0	0	0	2
PD26412_6	49	28	5	38	46	32	5	49	42	21	7	29	49	22	4	76	18	11	1	14	8	7	3	4	13	14	0	12	10	13	2	23	57	38	96	52	50	38	76	46	30	46	85	55	93	61	44	76	28	16	22	62	23	11	9	29	11	16	15	20	38	12	32	35	58	25	40	71	26	39	41	55	31	31	27	29	45	49	24	55	52	11	19	44	43	18	26	105	8	13	13	37	76	13	31	89
PD26412_4	36	15	1	30	21	24	1	24	18	20	1	14	19	26	2	31	13	9	6	9	8	4	0	8	4	5	1	5	10	9	1	14	50	21	48	44	51	27	32	52	34	35	44	37	112	62	18	104	25	10	11	31	12	13	11	24	8	5	11	13	24	10	7	27	30	22	21	35	12	20	11	13	18	13	13	15	21	15	10	14	7	7	12	13	5	7	12	12	1	2	7	8	14	9	6	13
PD26412_NA	19	21	1	8	31	12	3	19	18	8	1	19	19	15	0	28	9	9	2	5	13	4	0	13	4	5	2	11	16	11	2	15	34	10	29	15	31	15	16	28	25	26	29	15	59	44	12	46	15	8	9	27	5	9	9	20	2	5	0	10	28	6	11	15	18	9	15	18	8	7	8	10	7	3	5	9	10	9	9	7	4	3	5	9	14	4	11	19	4	0	3	11	23	5	8	17
PD26412_2	5	2	1	0	4	1	3	6	2	1	1	3	1	4	0	2	4	4	0	3	9	1	2	9	0	6	0	4	6	4	0	2	2	3	3	1	0	2	1	2	6	3	1	2	4	0	1	4	4	1	1	4	9	2	3	5	1	3	3	5	6	2	4	3	8	1	0	1	2	0	0	2	0	0	1	5	0	0	0	1	2	0	1	0	2	2	1	1	3	0	0	2	5	1	0	3
PD26412_7	39	26	5	30	29	31	2	27	31	24	4	30	27	34	2	54	16	6	7	20	16	10	2	9	8	9	3	7	14	12	2	10	76	23	44	40	47	40	30	49	41	39	43	35	112	78	24	78	20	13	10	36	14	23	15	41	7	4	6	13	23	16	14	26	29	17	25	40	17	21	10	18	14	13	16	15	12	29	6	33	13	7	7	3	5	6	8	7	6	1	4	1	13	6	4	26
PD26412_1	3	1	1	2	2	1	0	2	1	2	0	1	2	3	1	3	4	1	0	0	5	3	0	3	1	1	0	2	1	5	0	5	5	3	3	0	3	2	1	3	2	2	2	1	5	2	1	2	3	1	1	2	1	0	2	1	1	0	2	1	3	3	1	5	5	1	1	1	2	1	0	0	1	0	0	1	1	0	1	2	1	0	0	1	3	0	0	2	2	0	0	0	5	0	0	3
PD26412_5	25	26	2	26	63	16	3	38	25	18	3	23	53	28	5	48	18	14	2	14	70	23	2	41	24	26	2	17	47	37	0	30	42	29	13	38	55	27	14	44	65	61	33	55	61	44	14	60	22	6	11	29	23	7	15	47	18	4	9	16	31	9	22	43	38	8	13	29	15	10	7	16	14	9	10	7	18	9	11	20	11	1	6	4	23	6	9	26	20	2	3	13	49	4	6	34
PD26412_3	0	0	0	0	2	0	0	1	0	0	0	1	0	1	0	2	0	0	0	0	0	0	0	0	0	0	0	0	0	0	0	0	0	0	0	1	0	0	1	1	0	0	1	1	0	1	0	0	0	0	0	0	0	0	0	0	0	0	0	0	0	0	0	0	0	1	0	0	0	0	0	0	0	0	0	0	1	0	0	1	0	0	0	0	0	1	0	0	0	0	0	0	0	0	0	0
PD26415_16	29	23	8	23	37	18	4	59	40	33	8	30	75	33	7	138	11	5	4	21	9	10	0	14	5	9	1	9	18	14	3	22	44	27	84	40	41	38	41	43	43	29	48	36	42	49	32	45	30	9	18	56	20	8	18	24	11	7	7	19	40	10	19	31	64	38	38	68	38	28	45	62	27	29	21	35	41	28	21	79	45	12	18	37	53	8	45	96	8	8	12	47	108	16	27	131
PD26415_14	0	0	0	0	1	0	1	0	2	1	0	1	0	0	0	1	0	0	0	0	0	0	0	0	0	0	0	0	0	0	0	0	1	0	2	1	0	0	1	0	0	0	0	1	1	2	0	1	0	0	0	0	0	0	0	0	0	0	0	1	0	0	1	0	1	0	1	0	0	1	0	0	0	0	0	1	0	1	0	0	0	0	1	0	1	1	0	1	0	0	0	0	2	0	0	0
PD26415_NA	4	2	0	3	1	0	0	4	2	3	0	1	3	2	0	8	1	0	0	0	0	0	0	0	0	0	0	0	1	3	0	2	1	1	5	0	1	1	2	3	2	2	6	2	2	0	0	1	2	3	0	7	2	1	1	0	1	1	1	0	2	0	1	3	4	4	5	2	3	0	4	1	2	3	1	4	1	5	1	3	2	0	1	1	2	1	0	7	0	0	1	3	5	0	3	5
PD26415_15	5	4	0	4	5	0	0	3	2	0	0	4	1	7	1	8	3	2	0	1	2	1	0	1	0	0	1	2	4	2	0	2	5	2	5	2	9	5	6	4	5	2	2	4	10	4	2	7	2	2	1	4	1	1	3	2	1	0	1	0	7	2	2	1	1	1	2	4	0	1	0	0	2	2	2	2	2	2	1	2	1	0	1	1	0	0	2	0	1	1	0	2	0	0	1	7
PD26415_1	0	0	0	0	1	2	0	0	0	0	0	1	0	0	0	0	0	1	0	0	1	0	0	0	1	0	0	0	1	0	0	0	0	0	0	0	0	0	1	1	0	0	1	0	1	0	0	0	0	1	0	2	0	0	0	0	0	0	0	0	2	0	0	0	0	0	0	1	0	2	1	0	0	0	0	0	0	0	2	0	0	0	0	0	0	0	0	0	0	0	0	0	0	0	0	0
PD26416_5	70	45	11	35	46	30	9	47	52	23	4	32	59	35	5	78	28	15	1	24	9	5	0	14	12	13	1	24	20	22	1	32	68	46	120	61	75	51	80	70	53	50	101	58	102	82	50	81	37	16	36	41	23	17	27	31	8	10	15	25	38	7	15	45	77	27	49	61	28	36	43	45	43	17	25	40	36	32	28	54	32	11	12	27	23	9	13	57	4	4	10	17	23	9	15	56
PD26416_2	10	8	2	12	14	1	3	10	12	10	3	14	14	10	1	21	15	4	2	11	10	5	2	10	7	6	2	3	9	3	2	12	18	13	11	17	14	12	9	15	23	18	16	26	25	20	9	29	9	1	2	11	5	2	5	6	15	1	8	3	13	2	0	10	16	6	8	9	10	1	5	4	17	7	6	12	12	5	5	14	1	0	2	4	9	1	2	5	4	1	0	2	4	5	5	6
PD26416_NA	7	6	3	3	7	3	1	2	7	4	0	7	5	3	1	11	5	0	1	3	2	1	0	7	1	1	0	1	4	1	1	5	7	5	6	3	8	5	2	6	9	5	5	3	10	5	2	11	2	1	1	4	4	1	4	5	1	0	0	3	2	0	2	1	5	0	5	8	2	4	1	4	1	0	1	0	6	3	3	6	4	0	0	1	0	0	0	8	0	1	0	0	4	1	2	5
PD26416_4	15	8	2	5	21	9	2	10	16	8	3	14	24	11	0	24	9	4	0	7	4	7	1	6	5	2	1	3	18	2	2	9	16	7	6	14	4	9	5	17	16	12	14	14	15	15	7	10	12	1	9	9	12	5	7	10	6	2	6	8	12	2	4	5	18	2	3	13	5	3	4	2	14	5	7	13	8	9	2	9	4	1	1	3	5	1	1	4	3	1	2	2	11	4	6	4
PD26416_1	0	0	0	0	0	0	0	0	0	0	0	1	0	0	0	0	0	0	0	0	0	0	0	0	1	0	0	0	0	0	0	0	0	0	0	0	0	0	0	0	0	0	0	0	0	0	0	0	0	1	0	0	0	0	0	0	0	0	0	0	0	0	0	0	1	0	0	0	0	0	0	0	0	0	0	0	0	0	0	1	0	0	0	0	0	0	0	0	0	0	0	0	0	0	0	0
PD26418_9	79	69	10	80	78	69	17	80	54	38	8	48	64	76	11	106	54	35	10	35	37	21	11	32	18	21	4	26	34	28	6	78	132	67	113	82	75	76	77	114	72	75	89	83	105	118	60	100	51	37	64	88	54	39	44	86	20	19	34	39	76	35	40	93	114	44	79	92	57	66	59	74	62	28	43	62	73	71	38	98	88	13	42	38	46	29	55	81	20	8	31	29	108	12	57	110
PD26418_5	9	7	1	6	21	8	0	7	7	9	2	7	12	6	1	13	4	3	1	4	6	8	0	5	6	2	0	2	5	4	1	9	7	3	1	11	5	5	2	7	1	2	0	3	4	6	1	4	15	5	8	9	7	6	9	8	12	5	14	14	18	3	9	10	7	1	3	5	1	1	5	3	2	4	4	5	7	11	5	6	2	0	0	0	1	2	4	5	2	1	2	5	6	2	9	6
PD26418_4	14	9	3	16	9	11	1	13	7	6	1	9	13	8	1	16	9	4	5	9	6	12	1	10	2	4	2	4	12	14	0	9	19	7	5	13	16	13	5	28	10	6	5	10	34	12	3	36	7	4	8	14	5	10	8	19	1	5	4	9	10	5	1	10	11	7	7	14	12	18	7	9	6	3	6	11	9	11	7	18	0	0	7	3	3	2	12	3	0	2	4	10	3	5	9	4
PD26418_8	15	6	1	13	13	14	3	14	6	4	2	12	12	13	1	8	7	6	1	4	9	7	2	6	5	3	1	3	4	4	3	13	10	8	3	21	9	8	4	20	9	3	4	5	32	25	4	23	5	2	12	14	11	6	7	13	4	3	3	5	8	5	5	14	12	5	14	12	6	10	7	9	5	3	8	9	10	13	9	6	2	0	6	3	2	1	10	6	1	1	4	3	3	7	6	8
PD26418_2	1	3	0	2	3	5	0	5	3	2	0	9	2	1	0	2	2	0	1	0	2	6	0	2	1	1	0	1	2	1	0	4	3	0	0	3	1	1	0	2	0	0	0	1	5	2	0	2	4	0	1	2	5	2	2	3	6	0	7	4	2	0	2	2	0	0	2	1	1	0	0	1	1	2	1	1	2	1	0	2	1	0	0	0	2	1	1	0	0	0	0	2	0	1	1	1
PD26418_1	19	9	0	13	13	5	2	7	10	10	1	12	14	8	1	9	2	2	2	5	12	8	2	8	8	3	1	6	13	5	2	21	8	1	0	8	4	4	2	11	4	2	2	3	11	5	0	8	14	1	2	4	5	6	3	17	21	2	15	11	24	2	13	15	4	3	3	5	0	4	3	3	3	2	1	3	2	5	3	3	4	3	5	2	5	1	2	8	6	2	8	3	7	0	6	9
PD26418_7	2	0	0	1	0	0	0	1	0	0	0	0	0	0	0	0	0	0	0	0	0	0	0	0	0	0	0	0	0	0	0	1	0	0	0	1	0	0	0	0	0	1	0	0	0	2	0	1	1	0	0	0	1	0	1	0	0	0	1	0	3	0	0	0	0	0	0	0	0	0	0	1	0	0	0	0	0	0	1	0	0	0	0	0	0	0	0	0	0	0	0	2	0	0	0	0
PD26418_6	0	2	0	0	0	0	0	0	0	0	0	0	0	0	0	0	0	0	0	0	0	0	0	0	0	0	0	0	0	0	0	0	0	0	0	0	0	0	0	0	1	0	1	2	0	1	0	3	0	0	0	0	0	2	1	0	0	0	0	0	0	0	0	0	1	0	0	1	0	0	0	1	0	0	0	0	0	0	1	0	0	1	0	0	0	0	0	0	0	0	0	0	0	0	0	0
PD26418_3	8	10	0	7	3	3	1	3	3	2	2	3	6	1	0	6	2	1	4	2	3	6	0	2	0	1	1	4	2	4	0	6	7	2	1	6	5	2	4	3	2	2	0	3	9	5	2	11	3	2	2	2	4	2	4	3	2	1	3	6	4	1	3	7	6	3	2	5	4	3	6	3	1	2	4	3	3	6	2	2	1	1	3	1	2	4	1	1	1	0	2	1	1	0	4	5
PD26418_NA	21	20	7	9	19	14	3	10	16	6	0	13	17	7	2	26	5	4	8	6	16	9	2	8	6	3	1	10	9	9	2	17	27	12	5	21	15	10	9	26	14	11	8	14	20	24	8	28	12	6	9	18	9	13	14	20	15	3	8	13	16	5	10	27	12	4	9	16	16	9	10	14	10	7	7	11	15	12	6	15	9	1	7	5	12	3	19	11	2	2	8	5	14	7	11	14
PD26419_5	117	104	18	111	108	98	14	99	82	53	12	62	94	110	16	131	57	32	16	41	41	31	11	46	17	21	6	32	253	73	23	379	109	60	177	104	112	69	99	128	74	66	129	90	747	237	106	465	64	48	56	72	47	57	68	119	26	26	29	57	67	39	33	92	77	45	64	90	47	64	47	81	52	43	35	67	46	50	29	63	16	15	33	30	21	19	50	87	14	6	29	57	40	25	46	77
PD26419_1	38	32	4	24	28	23	7	40	17	18	5	14	19	27	3	29	20	11	2	15	13	15	3	17	13	10	1	13	25	19	4	58	25	26	23	20	30	18	12	31	20	14	21	12	71	36	15	73	11	11	18	18	9	15	24	35	6	7	9	19	20	10	7	39	33	12	19	34	16	17	14	23	21	14	7	16	30	34	9	22	6	2	10	7	4	5	13	14	2	2	7	10	8	2	20	9
PD26419_4	1	0	1	2	0	0	1	0	0	0	0	0	0	3	0	0	2	0	0	1	1	0	0	2	0	0	0	0	1	2	1	1	0	0	2	0	0	1	1	2	0	2	2	1	2	1	0	2	2	0	1	3	4	2	1	2	0	0	0	1	4	0	1	3	2	1	0	0	0	0	3	2	0	1	2	0	1	1	2	0	0	0	0	1	0	0	0	2	0	1	0	0	0	0	0	0
PD26419_NA	24	16	4	17	23	20	1	16	15	10	1	12	14	18	0	21	5	5	4	6	9	3	3	10	1	2	0	6	37	14	2	44	17	9	18	18	11	13	14	19	9	11	16	9	87	25	9	60	6	8	16	21	10	10	12	21	5	4	6	16	10	5	7	20	13	2	10	9	6	15	8	11	5	10	7	8	10	10	8	13	1	4	4	6	1	4	5	15	0	1	9	17	5	5	9	11
PD26419_3	2	1	0	1	1	3	0	3	2	1	0	1	3	2	0	5	1	1	0	1	2	0	1	1	0	0	0	1	2	3	1	2	1	0	0	1	1	0	0	1	0	1	0	1	1	2	0	1	0	1	1	2	1	1	1	1	2	0	0	1	2	1	2	3	1	0	0	1	0	0	0	0	0	1	0	3	0	1	1	1	0	1	0	0	0	1	0	1	0	0	1	0	0	0	1	0
PD26419_2	1	0	0	0	2	0	0	0	0	0	0	0	0	1	0	0	0	0	0	0	0	1	0	0	0	0	0	1	0	0	0	0	0	0	0	1	1	0	0	0	0	0	0	0	0	0	0	0	0	0	1	0	1	0	0	0	0	0	0	0	0	1	0	0	1	0	0	0	0	0	0	0	0	0	0	0	0	0	0	0	0	0	0	0	0	1	0	1	0	0	0	0	1	0	0	1
PD26420_5	52	51	8	48	42	56	3	47	30	31	3	26	28	24	4	56	21	12	5	18	18	13	9	26	14	15	1	12	19	21	4	42	76	40	85	45	65	46	50	95	66	36	66	46	96	77	44	97	52	27	32	49	24	32	33	47	8	9	9	19	38	15	24	43	59	33	41	52	25	37	24	57	19	16	18	28	26	31	19	34	51	7	17	28	28	4	22	36	15	6	14	25	50	8	16	45
PD26420_2	1	0	1	2	4	1	1	0	5	0	1	0	4	2	0	5	0	0	0	1	2	4	0	5	3	2	0	1	6	2	0	5	2	1	0	2	1	1	0	1	4	2	1	0	8	5	0	2	2	1	5	4	2	3	2	5	2	0	2	3	4	1	1	7	3	1	1	3	2	1	2	1	3	0	1	1	4	1	0	1	1	0	0	1	4	0	1	4	2	0	1	2	7	0	1	2
PD26420_NA	3	1	0	0	2	2	0	1	1	0	0	0	3	1	1	1	1	1	1	0	5	3	0	0	1	1	0	0	2	3	0	4	0	0	2	0	0	1	0	3	0	1	1	1	3	0	0	5	4	1	1	0	2	1	1	1	0	0	1	1	4	0	1	1	2	0	2	2	0	0	1	0	1	0	1	1	1	0	0	5	3	1	0	0	2	0	2	1	0	0	0	1	1	0	0	3
PD26420_1	2	0	0	1	2	1	0	0	1	0	0	2	1	0	0	1	2	1	1	0	3	0	0	1	2	0	0	2	2	0	0	1	0	0	0	0	0	0	0	1	0	1	0	0	0	1	0	0	0	1	0	1	1	0	1	0	2	0	1	0	3	0	1	2	1	0	0	0	0	0	0	2	0	0	0	1	2	0	0	0	0	1	0	0	1	0	0	2	0	1	0	1	2	0	1	1
PD26422_5	41	38	2	30	39	20	2	39	18	15	3	20	33	24	3	37	16	7	3	15	14	11	5	14	7	6	2	7	19	15	1	29	66	45	76	44	62	34	47	54	23	31	64	39	70	67	36	77	29	16	23	42	10	20	23	32	8	7	10	15	33	9	13	31	55	19	34	49	23	26	24	28	26	15	20	21	34	23	16	32	27	6	11	16	25	13	13	36	5	3	9	11	46	5	15	40
PD26422_4	15	19	1	15	34	12	5	19	12	12	5	22	19	19	0	34	12	8	2	19	37	19	2	31	16	10	4	15	36	27	2	23	31	27	18	38	62	42	16	48	68	49	17	48	54	37	5	48	17	2	11	12	14	12	28	20	9	4	16	13	28	4	23	19	39	12	14	17	14	4	6	21	22	10	8	16	21	11	5	19	7	3	6	3	19	3	10	17	15	2	6	8	38	3	12	25
PD26422_NA	8	4	1	5	1	2	0	6	6	1	0	2	4	2	0	2	2	2	0	0	3	3	0	6	1	5	0	2	3	2	0	5	5	3	4	4	6	7	2	4	4	6	5	3	8	9	1	4	3	1	3	4	6	4	6	3	1	1	5	2	3	2	1	5	6	2	4	7	2	1	3	3	4	1	2	3	4	2	0	2	1	1	0	2	4	2	5	4	1	0	0	2	5	2	0	7
PD26422_3	0	0	0	0	0	0	0	0	0	0	0	0	0	0	1	1	0	0	0	0	0	0	0	1	0	0	1	0	0	0	0	0	0	1	0	0	1	0	0	1	0	1	0	0	0	0	0	1	0	0	0	0	1	0	0	0	0	0	0	0	0	0	0	0	0	0	0	0	0	0	0	0	1	0	0	0	1	0	0	0	0	0	0	0	1	0	1	0	0	0	0	0	0	0	0	0
PD26422_1	2	0	0	0	1	0	0	1	0	0	1	0	0	2	0	1	0	0	1	0	1	1	0	1	0	0	0	0	2	0	1	1	3	0	0	0	4	1	0	0	1	1	1	2	4	1	0	1	2	1	0	1	1	4	0	0	0	1	1	1	0	0	1	0	3	0	1	0	0	0	0	1	0	1	0	0	1	2	0	2	0	0	1	0	1	1	0	0	0	2	1	0	0	2	0	1
PD26422_2	6	4	0	2	2	0	0	0	1	0	0	1	6	2	0	4	2	1	0	4	1	0	0	2	0	0	0	0	0	0	0	2	7	3	3	1	4	1	0	3	3	3	1	3	2	8	1	10	4	0	3	2	2	0	2	2	0	0	1	1	3	0	1	1	1	2	2	3	4	2	1	2	2	0	0	2	0	1	3	4	0	0	1	0	2	0	2	2	0	0	1	0	1	0	1	3
PD26423_8	67	37	4	32	40	20	13	39	54	28	8	41	69	55	11	109	58	27	6	39	21	13	4	15	28	25	5	25	26	25	3	39	80	46	124	57	88	49	100	94	66	50	103	60	98	99	50	117	43	21	18	57	30	13	18	26	10	8	9	17	43	11	14	34	67	20	43	59	24	31	32	43	40	36	20	39	34	34	22	56	31	4	15	23	20	14	17	38	9	8	8	18	37	15	14	57
PD26423_NA	10	14	0	8	15	2	0	8	7	3	2	5	15	4	1	12	7	8	2	2	22	12	1	9	15	6	3	8	12	9	0	12	14	13	12	12	18	2	8	15	23	16	9	21	24	20	4	17	11	4	5	4	16	1	12	13	8	1	4	9	13	6	12	8	18	2	3	13	10	1	0	8	7	5	1	11	14	8	3	10	5	4	1	2	15	1	1	17	8	2	1	5	25	2	5	16
PD26423_7	34	39	8	18	53	18	4	30	20	21	6	23	39	33	4	51	31	29	2	24	116	38	7	48	35	26	16	25	73	41	2	34	53	37	21	32	66	24	11	59	78	112	28	90	56	44	11	59	44	8	6	23	42	7	29	41	14	7	12	22	50	11	23	37	68	8	9	27	29	7	13	36	24	9	11	26	62	15	6	37	19	2	3	14	57	12	7	51	41	2	6	22	93	2	16	64
PD26423_6	8	7	2	4	36	7	3	11	9	1	2	1	15	6	0	13	14	12	0	6	42	16	2	16	25	13	3	11	22	20	1	20	17	5	4	18	34	13	2	23	46	26	8	28	30	15	4	13	16	2	2	9	22	6	8	19	10	1	2	4	28	4	9	21	23	1	3	13	10	2	5	18	9	4	2	6	21	2	1	14	9	0	2	4	33	2	2	33	20	0	0	9	48	1	8	26
PD26423_5	7	3	0	5	5	3	1	4	2	4	0	4	3	2	0	6	4	3	0	2	24	7	1	16	6	3	0	8	12	4	0	8	4	4	1	6	4	2	0	11	10	7	3	7	4	4	1	7	12	4	0	8	9	0	3	10	7	1	3	0	14	1	1	7	7	2	0	1	4	1	2	3	1	0	0	5	4	3	1	0	6	0	1	1	16	3	1	13	8	0	1	2	18	2	0	12
PD26423_3	2	3	3	4	2	2	0	5	5	4	0	0	6	3	1	12	15	2	0	1	6	6	0	4	5	1	2	1	9	5	0	2	6	2	2	1	7	2	3	2	5	5	5	4	10	5	5	9	10	4	5	11	3	3	6	2	5	0	0	3	15	2	1	7	5	1	1	2	3	3	1	1	2	2	3	4	3	0	0	2	3	0	1	0	17	1	0	6	2	1	0	1	12	3	2	4
PD26423_2	4	2	0	1	3	1	0	2	6	3	0	1	1	2	1	6	3	2	1	0	6	4	1	0	4	0	0	2	6	0	0	4	4	1	3	3	4	4	1	1	6	3	3	1	9	5	1	10	3	1	1	1	5	1	1	4	0	0	1	2	5	1	2	4	2	3	1	5	5	0	0	0	1	1	0	4	2	1	0	2	3	0	0	2	2	1	3	5	2	0	1	1	3	0	2	3
PD26423_1	0	0	0	0	0	0	0	0	0	0	0	0	0	0	0	0	0	0	0	0	0	0	0	0	0	0	0	0	0	0	0	0	0	0	0	0	0	0	0	0	0	1	0	0	0	0	0	0	0	0	0	2	1	0	1	1	1	0	0	0	1	0	0	1	1	0	0	0	0	0	0	0	1	0	1	0	0	0	0	0	0	0	0	0	0	0	0	0	0	0	0	0	0	0	0	0
PD26423_4	0	0	0	0	0	0	0	0	0	0	0	0	0	0	0	0	0	0	0	0	0	0	0	0	0	0	0	0	0	0	0	0	0	0	0	0	0	0	0	0	1	0	0	0	0	0	0	0	0	0	0	0	0	0	0	0	0	0	0	0	0	0	0	0	0	0	0	0	0	0	0	0	0	0	0	0	0	0	0	0	0	0	0	0	0	0	0	0	0	0	0	0	0	0	0	0
PD26424_3	88	70	10	71	89	59	11	61	60	43	5	60	93	58	12	129	67	34	5	51	23	33	9	28	18	27	0	27	51	32	2	89	122	61	123	87	103	77	80	99	74	78	112	61	262	151	41	195	85	25	47	101	47	26	28	56	28	11	20	41	140	28	90	78	120	75	85	130	67	57	73	81	55	51	57	77	78	75	65	104	223	28	45	77	112	23	63	148	39	11	26	52	378	44	66	197
PD26424_1	6	4	4	5	11	7	2	8	5	1	0	5	9	5	2	5	13	6	2	6	0	3	1	2	6	3	3	6	7	1	0	11	10	7	4	10	9	9	9	14	8	5	9	4	27	13	3	29	6	5	3	11	3	11	8	9	1	0	1	2	8	4	5	8	9	3	5	9	5	7	4	1	6	4	5	4	7	9	12	8	4	0	9	2	3	2	7	10	1	1	0	6	8	2	8	5
PD26424_2	0	0	1	2	0	1	0	0	0	2	0	0	0	0	1	0	0	0	0	1	0	0	0	0	0	0	0	1	0	0	0	1	0	0	0	0	1	0	1	0	1	0	0	0	0	0	0	0	1	0	0	0	0	0	0	0	0	0	0	1	0	0	0	1	0	0	3	1	1	0	0	0	0	1	0	0	0	0	0	0	0	0	1	0	0	0	0	0	0	0	0	0	0	0	0	0
PD26424_NA	8	2	0	6	4	3	0	4	5	1	0	4	4	5	0	9	1	1	2	2	0	0	1	0	0	0	1	1	1	3	1	7	5	4	5	4	4	3	5	5	5	3	5	9	14	9	2	11	4	2	4	4	6	2	1	3	0	2	2	2	7	0	3	3	14	5	4	3	1	5	6	5	1	2	3	0	1	3	4	6	9	2	2	4	6	1	5	11	2	1	3	2	19	5	1	9
PD26425_4	77	56	9	36	53	40	3	59	49	28	6	44	56	58	9	79	37	22	5	38	24	33	3	25	21	6	2	17	31	32	4	66	98	31	96	54	58	67	85	87	53	47	98	61	103	87	47	99	55	23	30	64	34	19	30	59	14	14	17	33	61	16	27	69	75	37	63	90	46	43	36	63	53	39	28	59	39	64	27	67	85	18	28	44	42	10	34	102	19	13	16	77	122	17	29	129
PD26425_1	11	9	1	10	7	15	0	11	5	6	2	3	4	10	2	14	4	7	1	1	5	2	3	2	5	1	1	7	19	9	1	29	6	7	6	10	4	4	3	9	8	10	3	7	21	12	7	8	5	3	4	7	1	5	2	11	1	1	0	10	8	1	0	13	18	1	6	11	7	4	8	6	7	2	8	12	5	3	2	13	4	1	7	4	5	3	3	5	3	1	5	2	6	2	7	7
PD26425_2	6	6	1	5	6	6	0	6	2	2	1	4	10	9	0	9	6	3	0	5	5	4	3	8	3	1	1	2	12	10	3	20	3	3	3	5	4	4	3	4	7	1	6	1	11	5	2	12	4	3	7	13	3	4	7	11	4	0	1	2	10	4	1	10	5	3	7	11	2	0	4	7	4	2	4	5	3	2	2	7	3	1	5	1	3	2	8	7	2	1	0	5	2	1	5	12
PD26425_3	14	3	2	8	3	2	0	4	0	2	0	1	3	5	0	3	3	4	0	2	1	0	0	1	1	2	0	0	2	9	1	3	9	1	3	2	5	1	4	4	1	5	2	4	13	5	3	7	2	1	0	3	1	5	1	5	0	1	2	1	0	4	2	2	3	5	6	4	2	7	2	2	3	0	0	3	4	8	2	5	2	1	5	1	2	1	3	2	0	2	2	3	6	0	3	2
PD26425_NA	10	5	0	4	3	3	0	4	1	2	1	5	14	8	2	7	3	4	0	0	4	4	1	3	3	2	0	4	15	5	0	21	8	1	5	7	4	1	9	4	1	4	7	6	16	13	4	15	5	1	4	4	3	0	1	3	3	3	0	2	3	3	3	6	6	4	8	6	4	4	5	8	4	6	8	4	3	5	1	4	5	0	2	2	4	1	5	6	1	2	2	7	7	2	2	8
PD26426_2	165	128	15	121	188	115	20	147	163	80	18	137	180	135	26	289	71	44	10	61	40	31	10	61	28	28	9	44	67	57	11	105	160	92	222	133	132	95	148	135	98	107	231	116	147	123	108	163	70	44	63	156	53	65	79	106	33	33	46	47	149	51	51	104	167	72	107	143	71	97	86	129	80	68	75	107	94	104	61	129	43	22	36	65	43	30	59	122	20	14	35	59	68	31	50	127
PD26426_1	7	5	0	5	16	11	1	11	10	8	0	13	16	9	3	26	1	0	0	2	2	3	0	1	2	1	1	2	6	1	0	11	4	1	8	1	2	3	2	1	3	3	4	2	4	2	3	4	4	1	2	14	2	1	2	7	0	1	2	2	10	3	2	5	4	2	5	2	1	1	4	4	6	3	4	0	3	6	0	7	1	2	6	1	0	1	1	6	0	1	2	1	3	2	4	7
PD26426_NA	8	7	2	3	7	5	2	7	6	4	0	4	6	11	0	9	2	0	0	3	0	3	0	4	1	1	0	1	5	1	1	6	8	3	5	3	3	3	4	5	2	6	6	5	8	5	6	4	2	2	2	10	3	2	6	5	0	0	0	5	6	1	5	5	6	7	4	3	1	4	4	5	3	5	3	5	8	3	1	4	3	0	1	2	1	0	2	1	1	0	2	3	5	1	0	3
PD26427_4	27	35	4	20	28	22	5	25	27	7	1	21	41	14	1	53	17	7	3	24	14	10	1	15	10	8	1	12	13	15	4	27	58	27	81	49	53	24	65	39	28	35	70	39	48	41	25	64	27	19	19	35	12	11	15	25	17	8	11	24	39	7	19	42	70	33	50	59	28	35	32	55	32	25	31	37	51	24	20	52	43	9	21	48	36	21	22	98	9	8	8	56	68	18	28	92
PD26427_3	28	15	5	23	17	16	1	15	20	11	2	14	25	15	2	25	11	5	1	8	9	3	1	9	4	8	2	7	13	5	0	20	27	11	16	24	22	12	13	20	15	15	14	14	54	35	11	45	15	12	22	27	14	18	18	37	5	4	10	22	20	11	15	35	18	4	16	23	10	12	9	10	16	10	7	18	12	10	5	14	4	7	6	6	4	4	12	10	2	1	1	4	9	3	7	12
PD26427_2	8	4	2	9	8	9	2	3	5	3	0	5	6	8	1	7	4	5	0	1	4	1	0	2	3	2	0	0	5	2	0	11	8	3	7	6	4	6	2	4	4	3	2	4	11	14	2	15	11	2	5	10	3	12	5	19	2	3	3	8	9	1	5	11	2	2	4	5	3	5	2	3	3	0	4	8	5	4	0	3	4	3	3	3	0	3	2	2	0	1	2	3	2	1	3	6
PD26427_NA	14	8	3	8	9	6	0	9	6	6	1	4	11	5	0	15	5	3	0	7	1	2	0	3	3	1	0	7	4	2	0	5	10	4	8	4	8	9	3	14	4	4	7	4	14	5	4	13	1	4	10	11	4	8	8	9	4	3	1	2	11	3	8	16	17	4	5	14	5	7	3	11	10	4	10	3	5	8	3	8	12	3	7	6	7	3	5	11	2	2	2	8	14	2	2	22
PD26427_1	1	0	0	0	1	0	0	2	0	0	0	1	1	0	1	1	0	0	0	0	0	0	0	0	0	0	0	1	1	0	0	1	0	0	0	0	0	1	0	1	0	0	1	0	2	2	0	0	1	1	0	3	0	1	2	0	1	0	2	0	3	0	0	0	2	0	1	2	1	1	0	1	1	0	2	1	0	0	0	0	0	0	0	0	0	0	1	0	0	0	0	0	1	1	0	0
PD26428_2	44	25	2	42	45	21	7	28	27	16	1	23	19	30	7	43	21	7	1	22	6	9	1	13	4	9	1	9	18	15	2	30	43	27	66	36	38	28	38	39	26	31	48	29	81	54	31	80	43	29	23	47	17	32	27	37	12	9	9	22	40	18	23	45	49	30	36	46	20	17	22	21	33	16	15	27	31	23	15	37	29	6	15	23	18	12	13	34	9	6	9	12	43	10	15	45
PD26428_4	9	8	1	9	18	8	2	11	22	11	0	10	18	10	1	22	10	5	0	8	5	1	1	4	6	5	0	6	6	3	0	9	18	14	33	9	14	14	22	13	12	11	26	13	16	9	22	11	28	6	5	25	11	4	3	8	9	0	5	6	31	5	9	20	21	6	12	24	16	10	12	20	15	13	9	20	17	13	12	33	58	10	9	21	31	6	20	40	8	4	3	15	80	8	16	57
PD26428_1	0	0	0	0	0	0	0	0	0	1	0	0	0	0	0	0	0	0	0	0	0	0	0	0	0	0	0	0	0	0	0	0	0	0	0	0	0	0	0	0	0	0	0	0	0	0	0	0	1	0	0	0	0	0	0	0	0	0	0	0	1	0	0	0	0	0	0	0	0	0	0	0	0	0	0	0	1	0	0	0	0	0	0	1	0	0	0	0	0	0	0	0	0	0	0	0
PD26428_3	1	0	0	3	2	1	0	1	3	0	0	4	1	0	0	1	0	2	0	0	0	0	0	1	0	0	0	2	1	1	0	0	0	0	2	2	0	1	1	0	1	0	2	1	1	2	1	2	2	2	2	5	0	0	0	2	2	2	0	1	2	0	1	3	2	1	3	1	2	0	1	0	1	0	0	0	0	1	1	0	0	0	2	0	0	0	1	0	0	0	0	1	0	0	0	1
PD26428_NA	3	2	1	6	2	4	0	1	0	1	1	2	6	1	0	4	0	0	1	0	0	1	1	2	0	0	1	1	0	1	0	0	1	4	5	2	0	1	2	3	1	2	4	3	5	3	1	3	1	2	3	6	1	1	1	5	2	0	2	1	3	1	3	3	2	0	5	6	4	1	1	5	1	3	0	1	2	4	1	3	0	0	1	1	1	0	4	3	1	1	0	3	6	1	5	3
PD26429_1	51	47	7	29	45	27	8	37	29	32	9	27	63	38	7	88	34	17	4	16	12	10	3	21	13	17	5	26	39	32	3	51	97	58	155	67	77	64	99	86	57	71	119	50	126	144	87	157	36	15	25	59	24	16	17	29	16	20	14	22	59	13	25	42	79	46	62	106	38	42	44	51	52	45	32	61	58	50	37	71	77	9	19	37	66	15	46	120	19	10	16	48	98	9	25	117
PD26429_NA	1	4	0	2	2	2	1	0	3	1	0	2	2	1	0	7	0	2	1	1	1	0	0	0	1	0	1	0	1	1	0	2	5	4	5	3	2	1	2	5	5	0	4	2	8	4	8	5	1	0	2	4	1	0	0	0	0	0	1	1	2	1	1	3	3	1	2	5	6	1	2	2	4	3	2	5	5	1	3	4	1	1	0	3	2	2	2	8	0	1	0	2	7	1	2	5
PD26429_3	0	0	0	0	0	0	0	0	0	0	0	0	0	0	0	0	0	0	0	0	0	0	0	0	0	0	0	0	0	0	0	0	0	1	0	0	0	0	0	1	0	0	0	0	0	0	0	0	2	0	0	0	0	0	0	0	0	0	0	0	0	0	0	1	1	0	0	1	1	1	0	0	0	0	0	0	0	0	0	0	0	0	0	0	0	0	0	0	1	0	0	0	0	0	0	0
PD26432_3	70	53	6	43	53	42	9	79	58	33	10	43	109	37	5	160	42	18	8	42	10	20	4	22	12	23	1	37	32	22	4	54	97	47	219	59	73	52	149	86	59	65	150	70	119	82	90	103	84	40	33	108	37	22	29	56	21	15	12	17	116	19	51	76	117	63	75	125	68	45	73	90	83	67	79	102	99	86	48	133	216	41	23	93	151	33	83	252	37	22	17	125	330	38	59	247
PD26432_2	7	11	0	2	3	1	1	10	7	1	4	3	3	6	0	14	9	2	2	4	1	5	2	1	5	2	2	1	3	10	0	8	11	9	12	4	12	13	8	12	8	6	10	3	20	18	5	18	6	4	6	13	2	6	3	9	0	2	3	3	9	2	1	7	8	2	4	6	2	5	2	2	2	6	2	4	4	7	2	5	0	0	3	5	2	1	2	5	1	1	0	2	8	1	4	3
PD26432_NA	4	3	1	4	10	1	0	2	2	1	2	2	8	6	3	10	4	1	0	3	0	4	0	0	3	1	0	6	2	4	0	2	10	2	14	6	5	3	4	3	3	5	6	4	4	6	2	11	6	2	1	6	3	3	0	1	1	0	1	1	5	2	5	3	10	1	4	10	6	7	1	9	3	3	1	9	2	5	3	5	10	3	4	10	8	4	5	13	1	1	1	8	21	3	4	23
PD26432_1	1	2	0	0	3	0	0	3	2	1	1	0	2	0	1	2	2	0	0	2	1	1	0	0	1	0	0	0	2	1	0	1	0	0	3	0	1	3	1	2	0	2	1	0	3	1	2	0	0	0	1	4	1	1	0	1	0	0	1	0	3	1	0	3	1	0	3	1	0	0	0	1	1	0	1	1	0	1	1	2	0	0	0	0	0	0	0	2	0	0	0	1	0	0	0	1
PD26435_5	102	83	17	83	84	83	5	73	59	49	9	45	75	96	12	115	43	19	7	45	18	22	4	40	17	18	6	20	39	36	5	72	97	61	70	87	82	55	53	103	77	74	64	84	99	109	38	97	44	40	50	85	49	52	50	52	29	20	33	39	60	33	18	50	79	33	60	92	37	49	57	69	44	32	36	51	48	38	25	55	34	14	18	32	11	21	26	93	17	7	23	31	39	12	18	82
PD26435_NA	11	16	1	8	8	8	2	7	8	7	0	7	9	16	1	14	6	5	0	4	3	1	2	11	1	4	0	2	7	4	1	7	11	5	9	13	13	6	7	9	6	15	7	8	18	14	4	17	9	3	5	8	10	6	9	14	0	2	3	5	10	3	3	9	7	6	8	7	8	8	4	5	4	6	7	2	7	1	4	4	7	4	5	3	1	0	1	5	3	1	1	2	5	4	3	8
PD26435_3	13	15	1	5	12	11	2	16	10	12	0	10	13	14	1	26	7	2	2	5	2	3	0	7	0	4	0	4	4	3	0	8	12	10	5	12	14	12	3	9	8	8	7	16	13	15	6	8	6	10	9	13	4	10	10	8	4	4	4	11	9	4	4	6	14	3	7	11	5	6	5	4	3	4	6	9	7	2	1	4	3	2	2	5	1	2	2	3	1	1	0	3	2	1	3	7
PD26435_2	3	3	0	2	5	6	0	4	0	1	0	2	2	0	0	0	0	1	0	2	0	1	0	2	0	0	0	0	0	0	0	4	0	1	1	1	2	0	2	1	1	2	0	1	3	1	0	3	3	2	2	3	2	1	1	0	0	1	0	2	6	0	0	0	3	1	2	1	2	1	1	0	2	1	0	2	2	0	0	1	2	0	0	0	0	0	1	0	0	0	2	2	0	0	2	0
PD26435_1	35	35	4	35	24	33	12	29	27	23	7	29	26	42	6	60	14	12	2	16	20	10	1	15	5	12	2	6	23	16	0	37	30	19	12	29	28	17	15	29	28	20	25	30	37	34	13	33	23	7	11	27	8	12	12	21	4	6	10	11	20	11	11	24	30	10	27	25	9	8	23	8	23	12	10	16	31	12	13	19	4	1	13	5	2	2	13	9	5	2	2	4	14	5	8	13
PD26435_6	0	0	0	0	0	0	0	0	0	0	0	0	0	0	0	0	0	0	0	1	0	0	0	0	0	0	0	0	0	0	0	0	0	0	0	0	0	0	0	0	1	0	0	0	0	0	0	0	0	0	0	1	0	0	0	0	0	0	0	0	1	0	0	0	0	0	0	0	0	0	0	0	0	0	0	0	0	0	0	0	0	0	0	0	0	0	0	0	0	0	0	0	0	0	0	0
PD26435_4	1	0	0	0	1	1	0	0	0	0	0	1	0	1	0	1	0	0	0	1	0	1	0	0	0	0	0	1	1	0	0	1	0	0	1	0	0	0	0	1	0	1	0	1	0	1	1	1	1	0	1	0	1	0	1	0	0	0	1	0	0	0	0	0	0	0	1	1	0	0	0	2	0	0	0	0	0	0	1	0	0	0	1	0	0	0	0	1	0	0	0	0	0	0	1	1
MMRC006BBM_2	175	108	19	110	178	106	9	135	99	75	11	88	361	164	32	267	64	39	13	69	87	54	7	109	56	40	9	52	735	198	34	1025	173	69	186	140	216	110	93	207	169	117	142	142	2707	529	282	1440	161	52	85	117	149	66	62	143	101	27	49	90	195	33	51	149	136	44	79	108	80	84	44	83	81	44	44	77	110	64	33	99	68	12	32	34	83	20	35	88	58	12	40	54	168	23	51	128
MMRC006BBM_1	0	0	0	0	0	0	0	0	0	0	0	0	0	0	0	0	1	0	0	0	0	0	0	0	0	0	0	0	2	0	0	0	0	0	0	0	0	0	0	0	0	0	0	0	1	0	0	1	0	0	1	0	0	0	1	0	0	0	0	0	1	0	0	0	0	0	0	0	0	0	0	0	0	2	0	0	0	0	0	0	0	0	0	2	0	0	0	0	0	0	0	1	0	0	1	1
MMRC006BBM_3	0	0	0	0	0	0	0	0	0	0	0	0	0	0	0	0	0	0	0	0	0	0	0	0	0	0	0	0	0	0	0	0	0	0	0	0	0	0	0	0	0	0	0	0	0	0	0	0	1	0	0	0	0	0	0	0	0	0	0	0	0	0	0	0	0	0	0	0	0	0	0	0	0	0	0	0	0	0	0	0	0	0	0	0	0	0	0	0	0	0	0	0	0	0	0	0
MMRC00GABM_2	59	33	6	36	44	20	2	25	34	18	6	35	55	29	8	81	31	12	2	26	21	13	3	14	11	8	0	11	34	20	6	53	74	44	94	44	67	36	66	57	47	37	82	51	132	105	48	152	51	22	33	53	28	13	26	33	16	7	25	23	54	15	19	51	62	26	55	82	39	30	44	46	29	27	30	32	43	37	21	54	43	10	16	23	24	12	21	71	19	8	12	32	61	22	25	70
MMRC00GABM_1	26	11	0	3	19	2	5	12	14	7	2	7	15	14	1	28	5	7	3	5	2	4	1	6	10	0	1	4	11	11	2	26	24	14	17	19	21	16	9	18	15	11	14	12	56	40	9	48	15	4	12	22	7	5	5	10	5	1	1	7	37	8	7	7	15	6	21	17	13	4	9	16	4	5	3	10	18	7	8	18	11	6	3	11	5	4	7	14	3	4	6	8	14	7	9	27
MMRC00GABM_3	0	0	0	0	0	0	0	0	0	0	0	0	0	0	0	0	0	0	0	0	0	0	0	0	0	0	0	0	0	0	0	2	0	0	0	0	0	0	0	0	0	0	0	0	0	0	0	0	0	0	0	0	0	0	0	0	0	0	0	0	0	0	0	0	0	0	0	1	0	0	0	0	0	0	0	0	0	0	0	1	0	0	1	1	0	0	0	0	0	0	0	0	0	0	0	0
MMRC00GIBM_2	114	75	14	80	78	77	8	88	70	27	7	40	93	62	12	93	59	17	4	42	14	16	2	35	7	17	3	19	42	25	6	65	118	47	114	90	80	45	70	98	76	52	78	50	103	87	44	134	102	38	59	92	47	49	55	83	28	11	15	40	77	26	40	99	76	54	67	81	52	54	47	62	50	35	46	60	56	62	34	70	44	5	36	33	23	15	36	64	14	11	27	29	53	19	34	93
MMRC00GIBM_1	14	5	3	12	11	1	0	2	2	1	0	4	2	2	0	14	3	2	0	2	1	0	0	1	1	0	0	1	1	2	0	4	6	2	3	3	2	2	4	4	3	3	5	7	10	0	3	10	6	1	1	6	5	6	0	2	3	0	0	1	7	2	5	11	7	2	2	11	2	6	4	3	1	2	3	3	6	3	2	10	4	0	3	1	3	2	2	2	0	0	0	3	2	1	1	6
MMRC01LGBM_2	107	72	15	80	64	81	9	66	53	34	9	48	83	55	8	79	60	31	10	64	40	22	6	32	31	25	5	32	25	33	4	70	127	66	147	109	82	66	86	118	66	78	130	92	108	104	56	117	89	32	48	101	39	52	57	84	32	25	24	57	93	40	43	99	127	59	74	114	64	91	59	94	74	80	70	78	82	119	56	97	52	18	38	59	33	20	41	143	21	17	33	116	101	30	51	136
MMRC01LGBM_1	1	2	2	2	4	3	0	1	0	0	1	0	1	1	0	1	1	1	0	0	0	0	1	0	1	0	0	0	0	0	0	3	3	1	3	0	0	0	0	0	0	0	2	0	1	2	0	4	0	1	3	2	1	1	1	1	1	1	0	2	7	0	1	2	1	0	1	1	0	1	0	1	0	0	2	1	2	2	0	0	1	0	1	1	0	0	1	1	1	0	1	0	2	0	1	4
MMRC01Q1BM_2	87	77	7	61	59	39	8	55	49	27	6	39	80	47	16	124	32	17	12	30	21	16	2	16	19	15	3	23	29	27	2	47	123	57	105	77	76	74	71	80	64	57	78	62	106	102	58	146	74	36	52	84	43	27	31	37	24	21	15	28	80	21	38	72	97	47	76	105	44	44	45	62	42	31	37	42	58	62	41	91	75	28	24	53	48	25	32	103	38	19	54	63	81	23	36	97
MMRC01Q1BM_1	3	0	0	0	1	1	0	2	1	0	0	0	2	1	0	2	0	0	0	0	0	0	0	0	1	0	0	0	0	0	0	0	2	1	1	3	3	1	0	1	1	1	0	0	0	2	2	2	3	1	2	1	0	2	0	1	1	0	1	0	4	0	0	2	1	0	2	2	0	2	1	0	2	1	0	0	1	2	0	1	0	0	0	0	0	1	0	0	1	0	4	2	1	1	0	2
MMRC01YHBM_2	48	29	8	23	47	20	2	20	38	22	8	17	44	34	5	68	29	17	5	13	7	11	3	20	13	7	3	12	15	18	5	23	61	38	110	42	48	39	69	63	50	36	92	39	66	66	58	89	24	15	19	45	6	10	17	15	13	7	9	9	44	11	9	34	46	27	41	57	33	27	37	36	19	16	17	31	35	24	27	50	35	15	14	21	19	11	8	42	9	6	10	24	48	9	18	67
MMRC01YHBM_1	3	0	0	0	1	0	0	0	0	0	1	0	2	0	0	1	1	1	0	1	0	1	0	1	0	0	0	0	0	0	0	1	0	0	1	2	1	0	1	0	0	0	0	0	1	1	0	4	2	1	1	4	1	1	1	0	0	0	0	0	2	1	0	1	1	0	1	2	0	0	0	1	1	0	0	1	0	0	0	4	1	0	1	0	0	0	1	0	0	1	0	1	0	0	0	4
MMRC01YHBM_4	0	0	0	0	0	0	0	0	0	0	0	0	0	0	0	0	0	0	0	0	0	0	0	0	0	0	0	0	0	0	0	0	0	0	0	0	0	0	0	0	0	0	0	0	0	0	0	0	0	0	0	0	0	0	0	0	0	0	0	0	0	0	0	0	0	0	0	0	0	0	0	0	0	0	0	0	0	0	0	0	0	0	0	0	0	0	0	0	0	0	0	0	0	0	0	1
MMRC023ZBM_2	102	87	11	68	133	55	21	110	64	37	10	51	117	54	8	145	70	57	7	44	212	59	12	117	83	41	9	52	135	92	5	114	172	109	127	129	171	101	97	137	207	193	114	175	229	176	66	214	80	35	47	111	61	33	63	94	35	11	18	48	154	30	60	105	206	41	66	136	83	55	69	105	95	51	53	86	148	71	47	133	62	22	24	37	113	39	35	142	67	18	30	58	192	28	45	161
MMRC023ZBM_1	19	10	2	8	19	6	0	18	16	10	1	7	16	15	3	17	5	5	3	7	8	9	0	10	6	4	1	4	14	4	1	9	25	22	12	12	19	9	10	21	20	12	11	21	31	24	6	32	30	8	7	27	15	12	7	21	9	6	7	11	38	7	10	25	26	7	15	22	12	7	13	20	12	4	10	16	15	17	9	24	9	4	7	6	11	3	9	17	8	5	6	11	11	1	7	23
MMRC0244BM_1	9	5	0	3	6	2	0	3	4	3	0	4	2	4	1	5	1	4	1	2	2	2	1	3	1	3	0	0	3	2	0	7	6	0	2	3	0	3	3	2	4	3	2	4	1	10	1	8	10	1	1	13	1	1	1	4	1	1	2	0	26	1	2	14	15	4	7	2	2	2	3	4	2	0	2	6	3	4	3	10	3	0	2	3	1	3	5	5	3	4	3	8	3	0	4	4
MMRC0244BM_2	59	42	10	27	39	36	5	30	39	20	8	34	54	34	6	71	34	19	5	20	16	8	7	19	15	15	2	24	19	11	4	45	99	44	150	63	70	55	83	72	61	51	103	57	103	79	78	94	84	26	33	91	30	23	28	43	16	8	17	27	99	23	37	63	127	49	95	114	64	49	73	85	62	47	50	86	62	62	49	116	97	26	21	74	82	33	51	198	33	16	34	60	127	35	36	163
MMRC0244BM_3	0	0	0	0	0	0	0	0	0	0	0	0	0	0	0	0	0	0	0	0	0	0	0	0	0	0	0	0	0	0	0	0	0	0	0	0	0	0	0	0	0	0	0	0	0	0	0	0	0	0	0	1	0	0	0	0	0	0	0	0	0	0	0	0	0	0	0	0	0	0	0	0	0	0	0	0	0	0	0	0	0	0	0	0	0	0	0	0	0	0	0	0	0	0	0	0
MMRC02G7BM_3	132	140	12	99	107	87	19	101	69	75	16	64	134	143	14	160	54	33	9	50	36	29	6	37	19	32	5	26	61	62	8	117	156	89	101	122	138	93	85	135	76	63	76	85	496	295	78	388	100	40	71	111	57	47	51	71	27	21	32	49	96	34	41	104	113	55	81	112	73	49	56	77	67	37	41	65	73	57	53	102	80	22	27	68	46	20	35	80	30	14	24	29	105	24	47	137
MMRC02G7BM_1	8	3	1	2	1	1	0	5	0	1	0	0	1	3	2	4	2	2	0	1	0	3	0	2	0	1	0	2	2	0	0	5	1	2	4	4	0	2	0	4	1	2	2	2	7	5	5	9	3	0	1	6	0	0	1	4	0	0	0	1	6	1	0	8	2	1	1	5	0	1	1	1	1	0	1	0	2	0	0	8	0	0	3	3	0	1	1	3	2	0	2	2	1	4	4	2
MMRC02GIBM_3	47	30	5	31	38	24	4	36	38	15	4	37	55	30	3	97	21	15	5	29	13	11	1	19	8	10	1	15	13	20	3	49	76	34	103	60	43	38	45	67	42	34	65	40	100	94	54	103	56	25	40	85	17	15	18	40	13	7	10	22	87	13	27	44	105	34	65	79	48	29	49	47	56	44	40	42	65	51	47	78	73	14	19	60	40	16	29	87	10	11	17	43	62	19	17	86
MMRC02GIBM_1	11	4	1	3	3	1	0	4	1	4	0	4	2	5	0	4	5	3	0	5	0	2	0	0	3	2	0	1	4	2	0	10	7	3	3	5	6	3	1	2	4	2	3	4	14	9	6	21	14	2	3	16	4	4	3	4	7	0	4	1	22	0	3	7	14	4	7	8	4	4	8	9	4	1	3	7	1	9	10	14	6	2	5	7	2	3	3	2	2	1	5	12	4	4	5	8
MMRC02GIBM_2	1	1	2	3	1	2	0	1	1	1	0	3	3	0	0	6	1	1	0	4	1	1	0	3	2	2	0	1	7	3	0	6	5	1	2	0	2	2	1	1	2	1	0	2	8	4	4	7	2	0	0	5	3	2	2	1	2	1	0	0	4	0	2	3	6	3	3	7	2	0	2	4	4	3	0	4	6	1	1	7	3	0	2	5	2	1	1	2	2	0	2	1	2	0	3	4
V0D56U_2	75	52	7	41	58	42	9	47	42	34	5	40	58	46	12	62	38	17	9	25	13	18	2	24	21	19	2	32	32	35	3	61	130	54	75	71	85	52	46	98	53	53	67	61	197	131	50	199	49	26	42	68	33	26	32	44	23	14	21	33	83	29	24	56	119	34	76	87	44	39	68	64	41	37	42	56	68	67	31	94	43	12	26	46	28	21	36	93	22	8	28	40	63	20	39	92
V0D56U_1	2	3	0	3	1	0	2	2	1	0	0	2	1	2	0	1	1	0	0	3	0	0	0	0	1	1	0	0	0	0	0	1	1	1	1	0	2	2	0	4	3	0	0	2	4	3	0	2	1	2	0	2	0	1	0	2	1	0	0	0	5	1	0	1	1	1	3	1	1	1	0	1	1	0	0	0	1	0	2	2	0	1	0	2	0	0	0	0	0	0	2	0	3	0	0	3
V0D56U_3	0	0	0	0	0	0	0	0	0	0	0	0	0	0	0	0	0	0	0	0	0	0	0	0	0	0	0	0	0	0	0	0	0	0	1	0	0	1	0	0	0	0	0	0	0	0	0	0	0	0	0	0	0	0	0	0	0	0	0	0	0	0	0	0	1	0	0	0	0	0	0	0	0	0	0	0	0	0	0	0	0	0	0	0	0	0	0	0	0	0	0	0	0	0	0	0
V0D56W_2	82	66	8	45	61	34	7	40	42	46	9	31	69	52	7	94	38	23	6	32	21	18	1	34	14	12	1	18	71	34	1	115	100	58	92	56	88	48	50	103	48	41	53	62	282	150	45	204	61	31	48	68	25	25	37	42	15	10	17	22	84	23	25	56	97	39	67	77	44	41	40	54	51	32	44	58	59	42	26	65	79	6	19	36	39	17	24	56	18	10	30	35	84	18	31	76
V0D56W_1	8	12	2	8	8	8	1	9	8	3	1	10	4	11	0	10	4	3	1	6	1	3	1	2	1	2	0	4	7	8	0	9	20	5	5	6	7	4	2	7	4	7	10	3	25	12	2	31	12	5	3	7	2	6	0	4	6	10	2	1	22	2	0	9	8	2	1	8	1	4	4	4	2	3	2	5	8	5	7	6	3	0	3	4	0	2	8	3	5	0	4	6	3	3	4	14
V0D56W_3	0	0	0	0	0	0	1	0	0	1	0	0	0	0	0	0	0	0	0	0	0	0	0	0	0	0	0	0	0	0	0	0	0	0	0	0	0	0	0	1	0	0	0	0	0	1	0	0	0	0	1	0	0	0	0	0	1	0	0	0	0	0	0	0	0	0	0	0	0	0	0	0	0	0	0	0	0	0	0	1	0	0	0	0	0	0	0	1	0	0	0	0	0	0	0	0
V0D56Z_2	56	46	3	36	50	28	9	60	42	20	5	31	71	31	7	86	32	13	5	23	18	10	3	15	5	17	3	18	38	11	3	45	76	42	160	58	54	44	80	61	40	36	98	62	108	69	52	105	44	25	31	81	21	18	26	32	20	12	6	28	86	21	24	56	82	41	63	88	53	38	39	89	52	20	32	74	58	55	30	94	54	14	17	42	42	15	21	103	10	8	16	53	63	22	32	107
V0D56Z_1	3	2	0	3	1	0	0	2	0	0	0	4	2	0	0	3	4	2	1	0	0	0	0	1	0	1	0	0	2	1	0	0	0	1	2	1	0	3	1	0	1	1	3	3	3	0	0	3	3	0	1	5	0	0	0	1	1	0	0	1	8	0	0	1	1	0	1	1	0	1	0	2	1	0	0	2	0	4	2	2	2	1	0	1	0	0	0	1	3	0	1	2	2	0	0	1
V0D577_3	66	38	6	46	51	35	6	63	42	27	6	43	61	51	7	109	33	11	4	36	24	12	2	26	11	14	5	16	50	35	9	79	87	36	94	55	64	48	50	63	48	40	43	46	115	100	33	86	44	17	32	60	23	14	24	46	15	8	17	23	61	16	27	62	97	28	65	85	35	40	37	48	40	31	32	46	41	32	40	64	37	10	22	30	29	12	32	54	18	6	17	23	57	22	25	71
V0D577_1	17	10	0	6	9	3	2	12	2	5	0	5	8	7	2	18	10	4	4	2	1	2	0	7	2	0	0	2	14	5	4	16	9	8	8	6	6	6	4	21	7	1	3	9	30	16	2	23	19	5	6	15	6	4	5	8	2	3	3	4	15	3	1	17	8	4	5	8	3	4	5	3	8	3	4	4	6	6	2	8	5	2	3	4	2	1	5	4	0	0	6	3	2	3	5	16
V0D577_2	15	10	2	7	6	15	0	14	4	5	1	2	16	10	0	20	3	3	1	3	2	1	3	5	5	3	0	2	20	6	3	32	17	10	4	9	16	6	3	11	11	4	6	10	48	18	11	48	9	2	8	21	4	4	7	15	1	4	2	2	16	5	3	10	16	5	7	13	3	7	4	9	3	6	2	11	7	6	7	14	2	1	3	5	3	4	5	2	1	0	2	3	3	2	5	14
V0D57C_3	80	69	9	73	76	68	6	77	52	31	8	49	75	48	8	88	49	34	7	36	68	27	6	63	41	17	4	26	62	34	3	75	95	60	72	77	102	49	49	95	111	101	75	123	105	81	36	104	83	31	42	73	67	34	52	94	32	23	46	43	97	33	36	96	98	25	50	80	44	34	45	81	64	28	44	60	89	38	35	75	49	13	23	28	46	16	33	53	40	4	31	30	94	23	34	80
V0D57C_2	4	7	1	4	2	5	0	4	1	2	0	1	7	4	0	8	3	2	0	7	6	2	0	0	2	2	2	1	2	1	0	8	6	0	1	2	3	4	2	9	6	3	1	5	5	1	1	5	6	0	2	4	5	6	3	4	1	1	2	2	8	6	6	6	4	6	2	2	1	4	2	6	2	2	0	5	10	3	1	3	3	1	5	1	1	0	2	4	0	0	0	1	3	1	1	9
V0D57C_1	0	1	1	0	1	0	0	1	0	0	0	0	0	1	0	1	0	1	0	1	0	0	0	1	3	0	0	0	2	0	0	0	0	0	0	1	0	0	0	0	0	2	0	1	1	1	1	3	2	1	0	3	0	0	1	1	2	1	1	1	2	1	0	6	2	0	0	1	0	0	1	1	1	0	0	0	2	1	1	1	3	0	0	0	0	1	0	0	0	0	0	0	0	0	0	3
V0D57H_2	228	187	34	230	247	225	29	270	108	89	14	128	166	131	17	185	73	49	13	88	40	41	12	81	36	27	6	47	90	59	12	156	179	80	124	185	137	84	93	258	82	87	129	160	354	228	84	378	133	62	113	168	113	131	139	253	55	35	63	141	151	72	84	255	110	65	87	129	57	137	62	114	70	40	59	70	79	102	47	116	71	18	78	50	40	17	60	71	28	16	45	37	89	22	88	112
V0D57H_1	18	9	1	6	25	13	2	14	11	6	2	9	10	11	0	11	7	4	1	5	10	7	0	8	11	4	1	11	14	5	0	9	8	4	3	8	8	6	5	16	7	1	6	10	14	16	1	13	14	3	3	7	10	6	13	23	6	3	3	6	24	7	1	18	7	5	3	8	5	10	2	10	2	1	5	2	5	6	6	5	5	3	6	4	9	0	3	10	13	1	2	6	14	3	4	19
V0D57M_1	99	67	10	71	68	54	5	85	64	25	6	51	78	48	8	121	54	35	16	46	31	26	8	39	17	22	1	29	41	45	2	96	140	83	181	128	122	96	95	146	73	51	134	90	252	193	79	251	74	34	36	85	42	31	45	61	28	16	21	34	145	23	39	105	132	40	75	122	61	71	51	89	58	54	55	75	78	70	32	115	64	27	45	57	49	29	74	84	36	11	40	50	104	29	57	145
V0D57M_2	0	0	0	0	0	0	0	0	0	0	0	0	0	0	0	0	0	1	0	0	0	0	0	0	0	0	0	0	0	0	0	0	0	0	0	0	0	0	0	0	0	0	0	0	0	0	0	0	0	0	0	0	0	0	0	0	0	0	0	0	0	0	0	0	0	1	0	0	0	0	0	0	1	0	0	0	0	0	0	0	0	0	0	0	0	0	0	0	1	0	0	0	0	0	0	0
V0D583_2	69	81	9	56	66	58	9	54	29	32	3	36	61	51	4	100	37	29	5	44	11	10	2	31	19	16	4	11	24	32	5	86	107	35	79	60	81	50	42	71	59	39	74	73	93	84	43	114	59	37	47	69	30	40	29	59	30	11	31	33	70	30	29	64	96	37	48	80	41	51	52	67	38	26	38	51	56	65	45	60	49	13	23	41	32	15	26	72	19	8	25	44	42	21	23	72
V0D583_1	1	1	0	2	2	4	0	3	2	0	0	0	0	1	0	3	0	0	1	1	2	1	0	1	1	0	0	1	1	1	0	2	2	0	1	4	1	2	2	0	2	0	2	1	4	2	2	8	3	0	2	1	0	0	1	2	2	1	1	0	6	1	0	3	1	0	2	1	1	4	1	0	3	0	2	1	0	3	0	1	1	0	1	0	0	1	2	0	0	2	1	1	1	0	1	8
V0D583_4	0	0	0	0	0	0	0	0	0	0	0	0	0	0	0	0	0	0	0	0	0	0	0	0	0	0	0	0	0	0	0	0	0	0	0	0	0	0	0	0	0	0	0	0	0	0	0	0	0	0	0	0	0	1	0	0	0	0	0	0	0	0	0	0	0	0	0	0	0	0	0	0	0	0	0	0	0	0	0	0	0	0	0	0	0	0	0	0	0	0	0	0	0	0	0	0
V0D58G_3	69	64	7	50	63	53	10	43	34	29	1	33	50	38	6	77	25	12	9	31	11	12	4	22	11	7	1	18	30	22	4	49	89	54	87	75	58	46	63	103	23	34	56	55	167	132	49	184	68	31	40	74	32	28	39	77	17	11	15	32	55	25	25	86	67	41	43	91	22	31	32	44	48	28	26	58	31	47	28	51	44	13	21	25	25	15	15	61	20	2	16	28	43	11	24	79
V0D58G_2	22	27	4	16	18	17	2	18	18	13	1	9	14	12	2	27	19	7	4	14	7	5	1	12	6	7	3	5	18	6	0	34	27	11	18	22	28	18	9	30	18	16	25	21	85	56	12	68	24	11	14	25	19	12	19	22	1	9	12	11	31	13	11	33	20	8	15	18	12	16	14	15	9	9	8	10	7	20	8	20	15	1	5	17	6	6	5	32	6	2	2	9	16	5	14	19
V0D58G_1	1	2	0	0	2	1	0	3	0	0	0	3	0	3	0	1	2	0	0	0	1	0	0	0	0	1	1	0	0	1	1	2	2	0	2	1	1	1	1	1	1	0	1	3	0	1	0	3	3	1	0	2	2	0	1	0	0	0	1	0	3	3	0	3	1	1	0	1	0	0	0	1	0	1	0	0	0	2	0	0	0	0	0	0	0	0	1	0	0	0	2	1	0	1	1	2
V0D58G_5	0	0	0	0	0	0	0	0	0	0	0	0	0	0	0	0	0	0	0	0	0	0	0	0	0	0	0	0	0	0	0	0	0	0	0	0	1	0	0	0	0	0	0	0	0	0	0	0	0	0	0	0	0	0	0	0	0	0	0	0	0	0	0	0	0	0	0	0	0	0	0	0	0	0	0	0	0	0	0	0	0	0	0	0	0	0	0	0	0	0	0	0	0	0	0	0
V0D58I_2	65	49	9	56	50	39	5	55	25	23	4	25	54	31	6	49	22	23	3	20	16	15	2	8	14	13	0	9	25	21	0	37	94	22	69	63	47	40	41	65	35	33	56	44	77	58	25	71	50	30	41	37	26	42	39	60	22	11	22	39	62	23	25	81	58	29	39	57	34	39	26	40	43	35	22	50	40	45	24	50	41	11	26	40	21	20	32	107	6	9	17	50	63	13	24	84
V0D58I_1	34	42	5	30	30	29	6	32	19	19	0	10	24	13	1	25	17	12	3	19	9	11	1	8	10	7	1	7	11	7	0	30	40	10	21	32	13	11	6	35	11	11	9	21	20	29	10	42	35	18	21	45	25	23	27	43	8	3	19	25	46	17	14	33	23	10	21	22	22	21	26	20	16	8	13	18	17	32	16	26	17	11	16	3	7	6	17	21	6	5	10	24	21	4	16	23
V0D58I_3	16	7	1	11	7	12	1	20	4	10	0	5	11	5	0	14	9	5	1	1	8	2	0	4	4	3	1	9	5	9	2	9	17	9	22	13	10	10	10	17	6	7	13	3	12	15	9	16	9	4	12	9	10	2	10	16	4	4	7	14	9	4	3	19	19	9	10	23	4	9	2	13	3	4	10	11	12	13	11	10	15	0	4	5	8	6	1	23	7	4	9	23	19	2	4	23
V0D58T_2	118	63	4	57	112	41	22	76	108	49	11	75	127	77	8	171	56	38	5	34	63	24	4	50	33	23	7	27	71	36	4	67	110	57	139	80	110	64	83	104	94	117	142	105	242	165	87	224	74	39	30	92	34	24	29	61	33	13	14	35	149	16	30	68	128	41	57	103	41	33	40	69	61	38	39	73	84	46	41	94	79	16	12	49	66	15	35	92	50	11	15	63	152	28	39	130
V0D58T_1	1	0	0	0	1	0	0	2	0	1	0	0	1	2	0	1	1	0	0	0	1	1	0	0	1	0	0	1	3	1	0	0	1	0	0	0	1	1	0	1	0	0	1	1	5	1	1	4	2	0	0	1	0	0	2	1	0	0	0	1	7	1	1	3	1	1	1	0	0	1	0	1	0	2	0	0	1	0	0	2	1	0	0	0	1	0	0	0	0	0	1	1	1	0	0	0
