Signature.Subs.01	Signature.Subs.02	Signature.Subs.05	Signature.Subs.08	Signature.Subs.09	Signature.Subs.13	Signature.Subs.18	MM1	mutations
MMRC006BBM	0.0201131567721338	0.307741986455287	0.340758735887301	0.167125907012689	0	0.164260213872589	0	0	15884
MMRC00GABM	0.0480658115254124	0.0773278263645937	0.487599456653593	0.146078135050104	0.240928770406297	0	0	0	4947
MMRC00GIBM	0.0403805623661711	0.0281544611447196	0.455606799766123	0.297623588352678	0.178234588370308	0	0	0	5579
MMRC01LGBM	0.0462696926301746	0	0.493531141660043	0.187109173205081	0.273089992504702	0	0	0	6480
MMRC01Q1BM	0.0383327210391347	0.0355097422958124	0.437763503751049	0.176586321599064	0.31180771131494	0	0	0	5264
MMRC01YHBM	0.0869482894739002	0.033917755684307	0.522705632656472	0	0.244579372006469	0	0.111848950178852	0	3159
MMRC023ZBM	0.0303490396696709	0.0461514628770244	0.324912894642789	0.145210995597699	0.207292650934818	0	0	0.246082956277999	9859
MMRC0244BM	0.053406047442657	0	0.474776519278961	0	0.471817433278382	0	0	0	5654
MMRC02G7BM	0.0194467448635254	0.128083263030041	0.447647208258612	0.232831509695929	0.171991274151893	0	0	0	8032
MMRC02GIBM	0.0415313503496796	0.0446284065281628	0.430510091198726	0.1153135754464	0.368016576477031	0	0	0	4725
PD26400a	0.0380784297302316	0.0439497446056885	0.391485120559759	0.188363758963927	0.338122946140393	0	0	0	6726
PD26400c	0.0376143880872263	0.0527089946342726	0.413009094640794	0.197989864080448	0.298677658557258	0	0	0	7645
PD26401a	0.0914981376025039	0.0382938906756496	0.396132900555746	0.161345311770222	0.312729759395878	0	0	0	6125
PD26401c	0.0899175966840793	0.0411032960517391	0.405748161071163	0.173102616030526	0.290128330162492	0	0	0	6439
PD26402a	0.042413712907671	0.046460886249159	0.397252921201069	0.22172395161478	0.292148528027321	0	0	0	5253
PD26402c	0.0412388494644996	0.0525807287961822	0.413467681748437	0.223421998311323	0.269290741679559	0	0	0	5950
PD26403a	0.0663586520018585	0	0.46285219320489	0.155286626047971	0.31550252874528	0	0	0	6588
PD26403c	0.0582438415106416	0	0.514029924105986	0.152495105315632	0.27523112906774	0	0	0	7450
PD26403d	0.0449510792438738	0	0.426713258306734	0.148075220951354	0.272086378225528	0	0	0.10817406327251	9612
PD26404a	0.0815275651339156	0.0318574027395945	0.421908632575552	0.114455567871796	0.350250831679142	0	0	0	4236
PD26404c	0.0800018114316564	0.0317205015325217	0.419715907845003	0.115011231639903	0.353550547550916	0	0	0	4222
PD26405a	0.0408804590100014	0.0363059332340671	0.442064615355026	0.222847223894929	0.257901768505976	0	0	0	5308
PD26405c	0.0404283293090747	0.0368400526305146	0.442097169509428	0.226416892573975	0.254217555977008	0	0	0	5364
PD26406a	0.0282162343753354	0.0577618351544955	0.434830160210955	0.15931440715685	0.319877363102365	0	0	0	3951
PD26406c	0.026310183801876	0.0707123998575135	0.460250169722602	0.131203344822479	0.31152390179553	0	0	0	4474
PD26407a	0.0607957647616837	0	0.430263175702824	0.119733868604463	0.389207190931029	0	0	0	2389
PD26407c	0.0628462832497658	0	0.442240431610181	0.122723581371451	0.372189703768602	0	0	0	2554
PD26408a	0.09301358956416	0.0399051478177609	0.395957400688013	0.184019830652167	0.287104031277899	0	0	0	5707
PD26408c	0.0953143169420072	0.0420815987941647	0.372529267132751	0.176934949093953	0.313139868037125	0	0	0	5222
PD26409a	0.0535530615673466	0.0268234882697662	0.460678241319096	0.145936030602707	0.313009178241085	0	0	0	4156
PD26409c	0.0528377328071332	0.0303138353051425	0.490498528466175	0.142163711280764	0.284186192140786	0	0	0	4590
PD26410d	0.0637987610661511	0.0777308684340841	0.467234679036249	0	0.284662169516305	0	0.106573521947211	0	5852
PD26411a	0.0528290256602887	0.0450646212176288	0.29531824847614	0.17163790059251	0.25133687134581	0	0	0.183813332707622	8215
PD26411c	0.0500068154560509	0.042795984540949	0.284672496529486	0.162964754535822	0.273687823263084	0	0	0.185872125674608	6834
PD26411d	0.0538290309424817	0.0420477869388127	0.24134017080219	0.172311413693336	0.311622041129169	0	0	0.178849556494011	3588
PD26412a	0.0491737156691062	0.0615307935784258	0.315171579284179	0.223802524045767	0.215370527025062	0	0	0.134950860397461	8496
PD26412c	0.0667304726782799	0.0629248362065697	0.431450850104762	0.178081387528761	0.260812453481627	0	0	0	5650
PD26412d	0.0787905070338764	0.0655213314140257	0.39412704982454	0.196024892503605	0.198896002473006	0	0	0.0666402167509472	985
PD26414a	0.0391604656199011	0.102613728765756	0.530559745395561	0.128035477596658	0.199630582622124	0	0	0	1797
PD26414b	0.024229356576185	0.137825634011676	0.273738445020225	0.149581065000101	0.139648850898676	0	0	0.274976648493137	8218
PD26414e	0.0336788433651122	0.110620262157506	0.541499165086108	0.129808349739665	0.184393379651609	0	0	0	2552
PD26414f	0.0248363243657848	0.138160307835314	0.318061177570023	0.15361511804616	0.165304449241174	0	0	0.200022622941545	5017
PD26414g	0.0232564882563955	0.137880093330039	0.285029525603555	0.148432480417998	0.141021715260415	0	0	0.264379697131598	7713
PD26415c	0.0355050519295893	0	0.315715992091396	0	0.491649217848683	0	0.157129738130332	0	2540
PD26415g	0.0424835685122137	0	0.301969941140695	0	0.5033826710264	0	0.152163819320691	0	3172
PD26416d	0.0652296845474754	0.0333401356762166	0.531867721469245	0.143658661807824	0.13602581505601	0	0.0898779814432294	0	4038
PD26416e	0.0642777093474047	0.0378445094680903	0.574863989261348	0.123622812241359	0.1253752834947	0	0.0740156961870976	0	4222
PD26418a	0.0265410191235784	0.0219597710219814	0.501603021143753	0.240776931683819	0.209119257026868	0	0	0	6820
PD26418c	0.0267568972515928	0.0217331852958366	0.502301728458946	0.236829219265034	0.212378969728591	0	0	0	6802
PD26418d	0.0254245414416323	0.0245600805385244	0.515628770971702	0.232513386700079	0.201873220348062	0	0	0	7231
PD26418e	0.0241665377093536	0.0224189747899419	0.502334130389534	0.240912487729072	0.210167869382098	0	0	0	7386
PD26419a	0.0398971990417272	0.15796366670265	0.437195679897199	0.256028367075641	0	0.108915087282783	0	0	5755
PD26419c	0.0473190071150321	0.0920788998223188	0.436899081341691	0.31325630946341	0	0.110446702257549	0	0	2552
PD26419d	0.0393904141198576	0.148304175617858	0.464750316363458	0.253182239348107	0	0.0943728545507188	0	0	10010
PD26420a	0.0521549337028335	0.0450516353083554	0.479763128931267	0.227817173440425	0.195213128617118	0	0	0	3289
PD26420c	0.0504034304579575	0.0472838387658877	0.471780488762187	0.226922259351887	0.203609982662082	0	0	0	3251
PD26422d	0.0456942711698042	0.0493433310504307	0.430377274355628	0.180959794982258	0.12992268807445	0	0	0.163702640367429	4338
PD26422e	0.0474659299232508	0.0489181796248863	0.432308184164938	0.180307399060659	0.12993596817719	0	0	0.161064339049075	4373
PD26422f	0.0442049064678356	0.0485356626239077	0.431073973463694	0.179216276193268	0.128231062962578	0	0	0.168738118288718	4364
PD26423e	0.0448799997381539	0.0429357203030191	0.288093598266801	0.160645806420924	0.17830608375358	0	0	0.285138791517522	7509
PD26423g	0.0645087045057446	0.0443528924215998	0.503477054020872	0	0.151481555922554	0	0.147469990907133	0.0887098022220961	4186
PD26423h	0.0530058718157982	0.0444942891554066	0.326776471028502	0.178177047518386	0.184475387517999	0	0	0.213070932963908	6200
PD26424a	0.0315020702706212	0.0590370890599332	0.318878017100252	0.122767511821486	0.467815311747708	0	0	0	7297
PD26424c	0.0299213416589545	0.0604038422650152	0.295113805375316	0.133122579154534	0.48143843154618	0	0	0	6950
PD26425e	0.0439642686803458	0.0312408766118645	0.425380187665538	0.177006043344428	0.322408623697825	0	0	0	5207
PD26425f	0.0444127011341257	0.0354126844740911	0.391923765124945	0.178560963574238	0.314176459290542	0.0355134264020576	0	0	5442
PD26426e	0.05411807617521	0	0.470121959681644	0.181911603481605	0.14729117175278	0	0.146557188908761	0	8991
PD26427a	0.0418856469046021	0.0357927779828852	0.395583599381483	0.205019415906551	0.321718559824479	0	0	0	4811
PD26427c	0.0496507237379155	0.026665029384473	0.359349595621204	0.177699305718284	0.386635345538124	0	0	0	3538
PD26428a	0.0576872445530856	0.026033871608407	0.150437912886722	0.201760273494611	0.564080697457175	0	0	0	1872
PD26428c	0.0582540329249703	0.036996590217155	0.31771329449107	0.197471834732424	0.389564247634381	0	0	0	3749
PD26429a	0.0774662052927076	0.0501971136669618	0.539766195563232	0	0.332570485477098	0	0	0	4596
PD26432c	0.0751743524848415	0.0246691540049231	0.211886384495675	0.0900582112675359	0.598211897747024	0	0	0	7138
PD26432e	0.0704412076022993	0	0.20728144523675	0.0854898564137348	0.636787490747216	0	0	0	5933
PD26434c	0.0611078225100285	0	0.367472745475439	0	0.571419432014533	0	0	0	1511
PD26435c	0.0204358003402646	0.0216490272514312	0.523168927462294	0.3121628782688	0.122583366677211	0	0	0	5318
PD26435e	0.020043585857963	0.022980981530219	0.510264038785191	0.31025179036233	0.111308735296332	0.0251508681679649	0	0	6981
V0D56U	0.0238937767941098	0.0748123740948407	0.527141569716809	0.148587979152457	0.225564300241783	0	0	0	4975
V0D56W	0.0289725895553377	0.104536477110624	0.423633403325797	0.176769470641407	0.223748299744328	0.0423397596225064	0	0	5474
V0D56Z	0.0745934320206967	0.0360330070935268	0.364687064025112	0.14089054973879	0.383795947121875	0	0	0	4822
V0D577	0.0314115520870284	0.0571616396660158	0.448809233388078	0.20756966158059	0.205567075503958	0.0494808377743296	0	0	5502
V0D57C	0.0254361174170409	0.0265369432529326	0.341782596023335	0.257049203129269	0.172236049816116	0	0	0.176959090361306	5602
V0D57H	0.0213469400311115	0.0614689219429115	0.376218125764688	0.427264028502373	0.113701983758917	0	0	0	11279
V0D57M	0.0558558012999422	0.0684139462685373	0.490635663707494	0.13482016938306	0.250274419340967	0	0	0	6806
V0D583	0.0305409024487727	0.0286957173224289	0.501986941439296	0.225893585209962	0.212882853579541	0	0	0	4647
V0D58G	0.0352710834163899	0.0883066391135459	0.434379282925967	0.249132384059452	0.192910610484645	0	0	0	5893
V0D58I	0.0282717748990216	0	0.416784780634946	0.282306958375535	0.272636486090497	0	0	0	6402
V0D58T	0.0441461802683407	0.0729896749179469	0.326928348310622	0	0.264122330039664	0	0.169878660935674	0.121934805527752	6753
V0D92Z	0.0422933658427466	0	0.453324988791793	0.198334917092782	0.306046728272679	0	0	0	9180
