Signature.Subs.01	Signature.Subs.02	Signature.Subs.05	Signature.Subs.08	Signature.Subs.09	Signature.Subs.13	Signature.Subs.18	MM1	mutations
MMRC006BBM_1_chr1_chr1-768253-107332554-gain	0.0211328766653192	0.32708781123346	0.470524906466062	0	0	0.181254405635159	0	0	440
MMRC006BBM_2_chr1_chr1-768253-107332554-gain	0.0437820208737778	0.174803054826552	0.451272599773011	0.228978541578235	0	0.101163782948424	0	0	84
MMRC006BBM_1_chr1_chr1-149187101-226659349-gain_2	0.00261641202163581	0.384050281241497	0.444327722314859	0	0	0.169005584422008	0	0	411
MMRC006BBM_2_chr1_chr1-149187101-226659349-gain_2	0.0137552594778585	0.0541934489387518	0.554112875710979	0.377938415872411	0	0	0	0	42
PD26419_2_chr1_chr1-121346913-249172187-gain_2	0.0963509629285404	0.205711750359717	0.386436730450008	0.173508208459983	0	0.137992347801752	0	0	108
PD26419_1_chr1_chr1-121346913-249172187-gain_2	0.0599017799809384	0.177686546488141	0.378958723157746	0.194536036102413	0	0.188916914270761	0	0	180
MMRC02G7BM_1_chr1_chr1-120487871-249172187-gain	0.0000543461432071333	0.103524718355225	0.467442985401498	0.245836207086922	0.183141743013148	0	0	0	321
MMRC02G7BM_2_chr1_chr1-120487871-249172187-gain	0.0000000000000000585849325588716	0.102916734498221	0.73924466671363	0.157838598788149	0	0	0	0	54
V0D583_1_chr1_chr1-145383170-249156121-gain	0.040930591685871	0.0508091559465956	0.482986897188026	0.245505590586864	0.179767764592643	0	0	0	125
V0D583_2_chr1_chr1-145383170-249156121-gain	0.274223883782981	0	0.725776116217019	0	0	0	0	0	19
PD26400_3_chr1_chr1-120848685-249223485-gain_2	0.0693690138057733	0	0.383628806162586	0	0.547002180031641	0	0	0	51
PD26400_1_chr1_chr1-120848685-249223485-gain_2	0.0585102774715834	0.0681795231893919	0.394613439978139	0.173352031941427	0.305344727419459	0	0	0	154
PD26400_2_chr1_chr1-120848685-249223485-gain_2	0.000000000606902310712627	0	0.836019762368996	0.163980237024101	0	0	0	0	30
V0D57M_1_chr1_chr1-160821549-195932954-gain	0.0271346252881846	0.121090785386493	0.851774589325322	0	0	0	0	0	55
V0D57M_2_chr1_chr1-160821549-195932954-gain	0.0803235630404581	0	0.542511669029548	0	0.377164767929994	0	0	0	22
MMRC0244BM_1_chr1_chr1-145531015-226229847-gain	0.0388014106396196	0	0.565731880496163	0	0.395466708864217	0	0	0	107
MMRC0244BM_2_chr1_chr1-145531015-226229847-gain	0.124865508212047	0	0.481626725132972	0	0.393507766654981	0	0	0	44
PD26435_2_chr1_chr1-121321866-249201268-gain	0.0404167740608244	0	0.435807688432312	0.354549788702952	0.169225748803912	0	0	0	48
PD26435_1_chr1_chr1-121321866-249201268-gain	0.00140126485655893	0	0.800160286787641	0.198438448355801	0	0	0	0	142
PD26403_1_chr1_chr1-145376198-249201480-gain	0.0627581710775186	0	0.589923343436822	0.126246669118873	0.221071816366786	0	0	0	148
PD26403_2_chr1_chr1-145376198-249201480-gain	0.130582272520384	0	0.0891378593179989	0.159614190521954	0.620665677639664	0	0	0	58
PD26419_1_chr1_chr1-802026-99970712-LOH	0.0349712143906497	0.210387790166689	0.31001320430478	0.359069637969283	0	0.0855581531685979	0	0	74
PD26419_2_chr1_chr1-802026-99970712-LOH	0.0589861305256025	0.257140524221733	0.561828480586089	0.122044864666575	0	0	0	0	42
PD26411_1_chr1_chr1-144896319-249200985-gain	0.118157614407834	0.0514842694008349	0.211230445588698	0.186871498273193	0.281982476137903	0	0	0.150273696191537	102
PD26411_2_chr1_chr1-144896319-249200985-gain	0.0362164516866815	0.11930099325105	0.201028127120761	0	0.643454427941508	0	0	0	30
PD26411_1_chr1_chr1-762601-121324542-LOH	0.150817521950695	0	0.538044067073116	0.144832760534513	0.166305650441676	0	0	0	92
PD26411_2_chr1_chr1-762601-121324542-LOH	0.0686057229603113	0	0.931394277039689	0	0	0	0	0	21
PD26408_1_chr1_chr1-144896319-249172187-gain	0.194856391903514	0	0.34134836252053	0.0880668643876652	0.375728381188291	0	0	0	59
PD26408_2_chr1_chr1-144896319-249172187-gain	0.12103313511035	0	0.293097471941796	0.127466805611007	0.458402587336847	0	0	0	61
MMRC01YHBM_1_chr1_chr1-145389264-249203006-gain	0.0327046815286798	0.0594968201930492	0.521418309242711	0	0.38638018903556	0	0	0	65
MMRC01YHBM_2_chr1_chr1-145389264-249203006-gain	0.111440790757739	0.0317304197025916	0.49622608887394	0	0.360602700665729	0	0	0	33
PD26412_2_chr1_chr1-145396435-249208772-gain_3	0.000000260118874027153	0	0.999999739881126	0	0	0	0	0	25
PD26412_1_chr1_chr1-145396435-249208772-gain_3	0.0133633330685163	0.0369344119203973	0.3365370532772	0	0.439674526250411	0	0	0.173490675483476	26
PD26412_3_chr1_chr1-145396435-249208772-gain_3	0.0205664040033753	0	0.118736598967835	0	0.86069699702879	0	0	0	35
PD26423_2_chr1_chr1-828166-249214082-LOH	0.053483292801871	0	0.585346804203673	0	0.361169902994456	0	0	0	41
PD26423_1_chr1_chr1-828166-249214082-LOH	0.105756754336855	0.0834492127584824	0.61684237126664	0	0	0	0.193951661638023	0	97
MMRC006BBM_1_chr10_chr10-20000428-135235890-gain	0.00884840589764741	0.291027781284307	0.497230479249139	0	0	0.202893333568906	0	0	504
MMRC006BBM_2_chr10_chr10-20000428-135235890-gain	0.0871096808983522	0	0.517725992230033	0.395164326871615	0	0	0	0	56
PD26411_2_chr10_chr10-93528-135235890-LOH	0.000000000304512147380749	0	0.108068932465093	0.205169238083324	0.686761829147071	0	0	0	37
PD26404_1_chr10_chr10-94426-135235890-LOH	0.0627153354799897	0.0441649785052367	0.893119686014774	0	0	0	0	0	78
PD26404_2_chr10_chr10-94426-135235890-LOH	0.0587935797369501	0	0.53573867748843	0	0.40546774277462	0	0	0	52
PD26411_1_chr10_chr10-93528-135235890-LOH	0.0725911005448135	0	0.767774527453872	0.159634372001314	0	0	0	0	74
PD26435_1_chr11_chr11-196944-134891193-gain	0.0232071931467214	0.0359318977750833	0.62245426701258	0.318406642065615	0	0	0	0	242
PD26429_1_chr11_chr11-199813-134940252-gain	0.097588699620698	0	0.634131839762467	0	0.268279460616835	0	0	0	236
MMRC0244BM_1_chr11_chr11-202072-120083271-gain	0.050951123393829	0	0.481386837795162	0	0.467662038811009	0	0	0	156
MMRC0244BM_2_chr11_chr11-202072-120083271-gain	0.0340531472257957	0	0.168533331798363	0	0.797413520975842	0	0	0	83
MMRC023ZBM_2_chr11_chr11-74648411-131468095-gain_2	0.0124131629457114	0.0490984200346505	0.620137052311908	0	0	0	0	0.31835136470773	72
PD26435_2_chr11_chr11-196944-134891193-gain	0.0645215338836074	0	0.38522034293408	0.19008039789736	0.360177725284953	0	0	0	68
PD26429_2_chr11_chr11-199813-134940252-gain	0.0532170824660879	0.0495345803137417	0.176078073921963	0	0.721170263298208	0	0	0	43
PD26416_1_chr11_chr11-50094680-134939568-gain	0.0956872704727595	0	0.813131352319608	0	0	0	0.0911813772076327	0	64
MMRC023ZBM_1_chr11_chr11-74648411-131468095-gain_2	0.0154048105825301	0.0377197737587827	0.597938409679564	0	0.114826059527322	0	0	0.234110946451801	117
MMRC01YHBM_1_chr11_chr11-302191-134944160-gain	0.0652120472718017	0.0670175311501868	0.754317671901037	0	0.113452749676975	0	0	0	116
PD26426_1_chr11_chr11-196944-134945765-gain	0.0652608939075349	0	0.566244163179837	0.167099912136453	0	0	0.201395030776175	0	445
PD26426_2_chr11_chr11-196944-134945765-gain	0.132567710777499	0	0.165734826862549	0	0.574772615918618	0	0.126924846441334	0	58
PD26416_2_chr11_chr11-50094680-134939568-gain	0.00650451691304658	0	0.923659917924295	0	0	0	0.0698355651626579	0	18
MMRC023ZBM_1_chr11_chr11-51192870-74620897-gain	0.00000390411413967953	0	0.665594094980593	0	0	0	0	0.334402000905268	52
MMRC01YHBM_2_chr11_chr11-302191-134944160-gain	0.113433551914982	0	0.886566448085017	0	0	0	0	0	41
PD26404_1_chr11_chr11-202072-134939568-gain	0.109224217055116	0.029079390864394	0.374636634261054	0.179304554454187	0.30775520336525	0	0	0	186
MMRC00GABM_1_chr11_chr11-198986-134775317-gain	0.068291912865449	0.0845958435275936	0.465324713898278	0.189344701781267	0.192442827927412	0	0	0	153
PD26415_2_chr11_chr11-198986-134927519-gain	0.0695758617457885	0	0.0760191875823533	0	0.542769391490998	0	0.31163555918086	0	69
MMRC00GABM_2_chr11_chr11-198986-134775317-gain	0.017549035145488	0	0.366951875872388	0	0.615499088982124	0	0	0	72
PD26415_1_chr11_chr11-198986-134927519-gain	0.0453906734037177	0	0.240346739060365	0	0.615133122024159	0	0.0991294655117583	0	79
PD26418_1_chr11_chr11-69443822-113817468-gain_3	0.057836094604127	0	0.424251377988517	0.257331131602129	0.260581395805226	0	0	0	30
PD26404_2_chr11_chr11-202072-134939568-gain	0.0142798511456023	0.0579419584649191	0.00385788498579813	0.19439954715742	0.729520758246261	0	0	0	70
PD26408_1_chr11_chr11-196944-80595045-gain	0.178878429381172	0	0.593938872481505	0	0.227182698137323	0	0	0	60
V0D57H_1_chr11_chr11-97481883-104974826-gain	0.012222402516425	0	0.177425343906582	0.514800479998364	0.295551773578629	0	0	0	47
V0D57H_2_chr11_chr11-97481883-104974826-gain	0.0000000000000000000000000000000000000000000820728956170234	0.193723236606949	0.0000144778082469785	0	0.806262285584804	0	0	0	5
PD26407_1_chr11_chr11-197557-134945797-gain	0.0367857516359337	0	0.607474596783413	0.164800397012799	0.190939254567854	0	0	0	89
V0D57H_2_chr11_chr11-69448294-91721514-gain	0.0497486557253798	0.115688356741763	0.38393826888264	0	0.450624718650217	0	0	0	11
V0D57H_1_chr11_chr11-69448294-91721514-gain	0.00133229896814186	0.108067767333547	0.251832368422175	0.415300594723342	0.223466970552794	0	0	0	98
PD26418_2_chr11_chr11-69443822-113817468-gain_3	0.00000000000000000000533625510289119	0	0.788784567564155	0.211215432435845	0	0	0	0	19
PD26418_3_chr11_chr11-69443822-113817468-gain_3	0.059690868116622	0.0460764090606392	0.405300936306144	0.305874864934126	0.183056921582469	0	0	0	34
PD26407_2_chr11_chr11-197557-134945797-gain	0.0721465343380409	0	0.125224868575939	0	0.802628597086021	0	0	0	27
MMRC02GIBM_2_chr11_chr11-47840622-134944160-gain	0.0545998012807203	0	0.94540019871928	0	0	0	0	0	35
MMRC02GIBM_1_chr11_chr11-47840622-134944160-gain	0.0136189853536877	0.082750783465666	0.436945108250964	0	0.466685122929682	0	0	0	86
PD26410_1_chr11_chr11-197337-93870821-gain_2	0.0486690439340393	0.0847946460574183	0.712123123211901	0	0	0	0.154413186796642	0	174
PD26410_3_chr11_chr11-197337-93870821-gain_2	0.1133021433112	0	0.201243623385522	0	0.685454233303277	0	0	0	42
PD26410_2_chr11_chr11-197337-93870821-gain_2	0.0955479917107546	0.114036334261438	0.790415674027808	0	0	0	0	0	33
PD26408_2_chr11_chr11-196944-80595045-gain	0.0594353078984311	0	0.516701621141938	0	0.423863070959631	0	0	0	40
V0D56W_1_chr11_chr11-78894856-134944160-gain	0.0170322691704915	0.111657828799927	0.636667523160801	0.158240932859063	0	0.076401446009717	0	0	115
V0D58T_1_chr11_chr11-64060976-122535611-gain	0.0295993957544869	0.0994620922071256	0.48675265917813	0	0.150875036736325	0	0.233310816123932	0	117
MMRC023ZBM_2_chr11_chr11-51192870-74620897-gain	0.000000000287880245013161	0	0.763117416187907	0	0	0	0	0.236882583524213	5
V0D56W_2_chr11_chr11-78894856-134944160-gain	0.0749251249404577	0	0.000178742077786135	0.170619202825911	0.698252859982241	0.0560240701736036	0	0	23
V0D58T_2_chr11_chr11-64060976-122535611-gain	0.169879896837744	0	0.287410291709088	0	0.135727023952384	0	0.406982787500783	0	27
V0D56W_1_chr11_chr11-200289-78498697-gain	0.00000119823352669908	0.131480834912605	0.639320642415431	0.229197324438437	0	0	0	0	117
V0D56W_2_chr11_chr11-200289-78498697-gain	0.00686397245199205	0	0.993136027548008	0	0	0	0	0	23
MMRC006BBM_2_chr12_chr12-207857-119440825-gain	0.0108145570357475	0	0.565015819187786	0.367475951662429	0	0.0566936721140376	0	0	61
MMRC006BBM_1_chr12_chr12-207857-119440825-gain	0.00542104567911334	0.351426082611047	0.448822643345938	0	0	0.194330228363902	0	0	514
PD26403_2_chr12_chr12-197129-133801207-LOH	0.115006229277298	0	0.419489810476111	0	0.465503960246591	0	0	0	85
PD26403_1_chr12_chr12-197129-133801207-LOH	0.124538174428771	0	0.709445673204617	0.166016152366612	0	0	0	0	64
MMRC006BBM_1_chr13_chr13-24539866-114986609-LOH	0.0000381991928905395	0.406385659224321	0.369468261060011	0	0	0.224107880522778	0	0	269
V0D577_2_chr13_chr13-19451600-114999838-LOH	0.0495535684528744	0	0.252823670421883	0.258855336133366	0.345727115041567	0.0930403099503086	0	0	95
MMRC006BBM_2_chr13_chr13-24539866-114986609-LOH	0.0445686074344815	0.0515050492962082	0.557667499690066	0.346258843579244	0	0	0	0	67
V0D577_1_chr13_chr13-19451600-114999838-LOH	0.0295026177646733	0.0280279092510137	0.321268684436634	0.284806669951022	0.336394118596657	0	0	0	30
MMRC02G7BM_2_chr13_chr13-19456300-114968298-LOH	0.0000000000000000000000000213203131727916	0.100120650384237	0.431111654895812	0.211329788534713	0.257437906185238	0	0	0	179
MMRC02G7BM_1_chr13_chr13-19456300-114968298-LOH	0.0342165577636882	0	0.191926599856974	0.268353171503151	0.505503670876186	0	0	0	19
V0D583_2_chr13_chr13-30159194-82929031-LOH	0.00000000379519255943804	0.0499321068752354	0.524966187960481	0	0.425101701369091	0	0	0	48
V0D583_1_chr13_chr13-30159194-82929031-LOH	0.0000000000000000000000000124250044629324	0.0674983853857642	0.583968098079362	0.348533516534874	0	0	0	0	9
V0D57H_1_chr14_chr14-20437981-58450902-gain	0.000000000250565837064726	0.0734853881444193	0.362178598519456	0.564336013085559	0	0	0	0	197
MMRC006BBM_3_chr14_chr14-20456825-107289436-gain	0.0000000000000721408676211889	0.103849251925794	0.496662805150163	0.399487942923971	0	0	0	0	66
MMRC006BBM_1_chr14_chr14-20456825-107289436-gain	0.00323928536327749	0.311492741262562	0.49060912634543	0	0	0.19465884702873	0	0	152
MMRC006BBM_2_chr14_chr14-20456825-107289436-gain	0.0363787824865662	0.333753511085984	0.255627836460697	0.236706583413325	0	0.137533286553429	0	0	239
PD26424_2_chr14_chr14-25346317-52239715-gain_2	0.0272357194821176	0.056796329916822	0.105866446591605	0.235386055114368	0.574715448895087	0	0	0	35
PD26424_1_chr14_chr14-25346317-52239715-gain_2	0.0619656412185225	0.212210198477987	0.257703384923261	0.199367760757736	0.268753014622493	0	0	0	86
V0D57H_2_chr14_chr14-20437981-58450902-gain	0.0000000000000000000000000166773993047435	0.162295935109496	0.00000470633561244863	0.359022234610423	0.478677123944469	0	0	0	11
V0D57H_1_chr14_chr14-74810242-103874803-gain	0.0000963154224813646	0.070984296604358	0.520230787490571	0.40868860048259	0	0	0	0	128
PD26423_2_chr14_chr14-20425051-107289436-gain	0.0521065998309188	0	0.724665396148169	0.223228004020912	0	0	0	0	58
PD26423_1_chr14_chr14-20425051-107289436-gain	0.105606688207215	0.0615452680838376	0.422063034299817	0.214815185867108	0	0	0	0.195969823542023	55
V0D57H_2_chr14_chr14-74810242-103874803-gain	3.46734367171854e-173	0	0.0336102589432856	0.20539075578735	0.760998985269364	0	0	0	6
PD26424_1_chr14_chr14-81035446-107267719-gain_2	0.00195129307447965	0.0723889769211907	0.463883239733214	0	0.461776490271115	0	0	0	74
PD26424_2_chr14_chr14-81035446-107267719-gain_2	2.60198725717988e-74	0	0.187199955343478	0	0.812800044656522	0	0	0	16
PD26423_3_chr14_chr14-20425051-107289436-gain	0.0000000800233718855324	0	0.999999919976628	0	0	0	0	0	2
MMRC023ZBM_1_chr15_chr15-20001774-102431166-gain	0.0492032629042755	0.0347889757239331	0.206156116455603	0.185042543082914	0.172747236120105	0	0	0.35206186571317	259
PD26429_1_chr15_chr15-20001861-102327049-gain	0.0502598263196704	0.0461698434359015	0.903570330244428	0	0	0	0	0	115
PD26429_2_chr15_chr15-20001861-102327049-gain	0.0975810856568921	0	0.128966206306066	0	0.773452708037042	0	0	0	21
MMRC01Q1BM_1_chr15_chr15-42245652-102403326-gain	0.0850602104501237	0.0484738017251141	0.638897362095034	0	0.227568625729728	0	0	0	83
PD26403_1_chr15_chr15-20037601-102431166-gain	0.0661828487517312	0	0.602175872032772	0.183195645850313	0.148445633365185	0	0	0	103
V0D58T_1_chr15_chr15-20010372-102431166-gain	0.0483890842841898	0.0331669515172452	0.424806784557564	0	0.13527078162674	0	0.205090237755197	0.153276160259063	179
PD26409_1_chr15_chr15-20001774-102379950-gain	0.0379200078548648	0	0.743521796125911	0	0.218558196019224	0	0	0	91
MMRC01Q1BM_2_chr15_chr15-42245652-102403326-gain	0.0223947451059737	0	0.353941397167756	0	0.623663857726271	0	0	0	31
MMRC00GABM_2_chr15_chr15-20001774-102431166-gain_2	0.049490188337246	0	0.797777070325411	0	0.152732741337343	0	0	0	47
PD26408_2_chr15_chr15-20001774-102431166-gain	0.0625668221990931	0	0.690641287652351	0.246791890148556	0	0	0	0	37
PD26409_2_chr15_chr15-20001774-102379950-gain	0.112962413632833	0	0.452063599004291	0.14963905842118	0.285334928941696	0	0	0	19
MMRC00GABM_1_chr15_chr15-20001774-102431166-gain_2	0.0259147819339081	0.147652699653931	0.209413101227989	0.21518622355192	0.401833193632252	0	0	0	22
MMRC00GABM_3_chr15_chr15-20001774-102431166-gain_2	0.131856427376033	0	0.708694536064003	0	0.159449036559963	0	0	0	27
PD26403_2_chr15_chr15-20037601-102431166-gain	0.219010963462552	0	0.524820644300487	0	0.256168392236962	0	0	0	28
MMRC023ZBM_2_chr15_chr15-20001774-102431166-gain	0.255640274184269	0	0.418461658618166	0	0.325898067197565	0	0	0	12
V0D58T_2_chr15_chr15-20010372-102431166-gain	0.171453906160758	0	0.592639418457417	0	0.235906675381825	0	0	0	19
PD26411_1_chr15_chr15-20061079-102431166-gain	0.0626617179456095	0.0295846760375098	0.549975259510487	0	0.245544829351318	0	0	0.112233517155075	61
PD26419_1_chr15_chr15-60664843-89764620-gain	0.0663858229093746	0.155544063175745	0.552542025661791	0	0	0.225528088253089	0	0	61
PD26419_2_chr15_chr15-60664843-89764620-gain	0.0000000000000347957843550616	0	0.727841538951502	0	0	0.272158461048463	0	0	7
PD26411_2_chr15_chr15-20061079-102431166-gain	0.130682618882437	0.114037313403845	0.263479999084789	0.491800068628929	0	0	0	0	15
V0D56W_1_chr15_chr15-20001712-102330356-gain	0.0217433916367834	0.118520137162663	0.595409417303503	0	0.16794451594153	0.0963825379555206	0	0	121
PD26408_1_chr15_chr15-20001774-102431166-gain	0.116514703472559	0	0.392038763454706	0.344650140329585	0.14679639274315	0	0	0	42
PD26407_2_chr15_chr15-20001712-102431166-gain	0.0642191410781893	0	0.65453234081568	0.281248518106131	0	0	0	0	14
V0D57M_1_chr15_chr15-20061338-87729272-gain	0.127810680062793	0.07493397573122	0.66753767739287	0.129717666813117	0	0	0	0	92
PD26407_1_chr15_chr15-20001712-102431166-gain	0.0216076773834383	0	0.978392322616562	0	0	0	0	0	39
V0D56W_2_chr15_chr15-20001712-102330356-gain	0.00697981708418845	0	0.993020182915812	0	0	0	0	0	7
V0D57M_2_chr15_chr15-20061338-87729272-gain	0.0889463633160353	0	0.20362552588831	0.265940952192082	0.441487158603573	0	0	0	31
MMRC006BBM_1_chr16_chr16-46503160-89998957-LOH	0.00659725477963245	0.338670819870224	0.436179358380053	0	0	0.21855256697009	0	0	128
PD26400_2_chr16_chr16-35043157-90165964-LOH	0.000000000000000000000000000000000444683504914545	0	0.442790237922541	0.202792850381138	0.354416911696321	0	0	0	41
MMRC006BBM_1_chr16_chr16-13401761-35272667-gain	0.00000151457574556224	0.314880455560137	0.50880588595206	0	0	0.176312143912057	0	0	76
PD26429_1_chr16_chr16-34204266-90166109-LOH	0.0793391968573249	0.128477998463793	0.792182804678882	0	0	0	0	0	33
MMRC006BBM_2_chr16_chr16-46503160-89998957-LOH	0.200159279680908	0	0.665290063809399	0	0	0.134550656509693	0	0	31
PD26429_2_chr16_chr16-34204266-90166109-LOH	0.0402893948891243	0	0.959710605110876	0	0	0	0	0	19
MMRC006BBM_2_chr16_chr16-13401761-35272667-gain	0.126536577630068	0	0.873463422369932	0	0	0	0	0	8
PD26400_1_chr16_chr16-35043157-90165964-LOH	0.0000412261251303652	0	0.99995877387487	0	0	0	0	0	9
MMRC0244BM_1_chr17_chr17-11474901-79998834-gain	0.0858242908275555	0	0.690700781693224	0	0.22347492747922	0	0	0	61
V0D56W_1_chr17_chr17-42168214-79936986-gain	0.109666938667818	0	0.890333061332182	0	0	0	0	0	25
MMRC0244BM_2_chr17_chr17-11474901-79998834-gain	0.207265058781707	0	0.0708915353150148	0	0.721843405903279	0	0	0	30
V0D57M_2_chr17_chr17-43437346-79998898-gain	0.050806368357077	0	0.543958938655717	0	0.405234692987206	0	0	0	30
V0D57M_1_chr17_chr17-43437346-79998898-gain	0.000000000590558590299787	0	0.636812814228232	0.363187185181209	0	0	0	0	32
V0D56W_2_chr17_chr17-42168214-79936986-gain	0.249133068898381	0	0.66656628999752	0	0	0.0843006411040992	0	0	25
MMRC006BBM_1_chr18_chr18-11715949-78017073-gain	0.000120043081266156	0.34270024703973	0.54551401171342	0	0	0.111665698165584	0	0	262
MMRC006BBM_2_chr18_chr18-11715949-78017073-gain	0.0923075022757138	0.164478938766383	0.327514111694749	0.320447300614999	0	0.0952521466481558	0	0	96
PD26424_1_chr18_chr18-125371-78014614-gain	0.0156307050715962	0.104792431430099	0.490645056222179	0	0.388931807276126	0	0	0	238
PD26424_2_chr18_chr18-125371-78014614-gain	0.0310454720354986	0.0585172783050988	0.050219086085496	0	0.860218163573907	0	0	0	75
PD26400_2_chr18_chr18-125371-77972066-gain	0.0259207393998232	0	0.328971550409454	0	0.645107710190723	0	0	0	46
PD26400_1_chr18_chr18-125371-77972066-gain	0.0344840243298599	0.0379332770112119	0.423795366256151	0.259074011377713	0.244713321025063	0	0	0	171
V0D57H_1_chr18_chr18-52635827-78014582-gain	0.0217135335998497	0.0930391872539042	0.194404134294302	0.543066358857095	0.147776785994849	0	0	0	115
V0D57H_2_chr18_chr18-52635827-78014582-gain	0.00000000000000000000160096060651978	0.0411605713497355	0.643484043082893	0.315355385567372	0	0	0	0	26
PD26412_1_chr18_chr18-125371-78001550-gain_2	0.00557377336181304	0	0.290659852348322	0.346957789237861	0.356808585052004	0	0	0	61
PD26412_3_chr18_chr18-125371-78001550-gain_2	0.150146795268886	0	0.126008298613112	0.18444782940666	0.539397076711342	0	0	0	46
PD26412_2_chr18_chr18-125371-78001550-gain_2	0.100554465348375	0	0.000151933197852414	0	0.899293601453773	0	0	0	9
PD26432_1_chr19_chr19-226776-59097308-gain_2	0.0854440627886498	0	0.571006459181236	0.154542411744926	0.189007066285189	0	0	0	51
PD26429_1_chr19_chr19-226776-36129202-gain	0.066291508471233	0.0765860235358329	0.857122467992934	0	0	0	0	0	49
PD26432_2_chr19_chr19-226776-59097308-gain_2	0.00146185651996807	0	0.429326549947761	0.128744375050066	0.440467218482205	0	0	0	30
PD26403_2_chr19_chr19-226776-59096950-gain	0.213837827590775	0	0.313388878134204	0	0.472773294275021	0	0	0	17
PD26435_1_chr19_chr19-240646-50291947-gain	0.0258932054281086	0.0466772582489849	0.546352340709227	0.38107719561368	0	0	0	0	87
PD26403_1_chr19_chr19-226776-59096950-gain	0.149738416305198	0	0.564762321057234	0.285499262637568	0	0	0	0	56
PD26429_2_chr19_chr19-226776-36129202-gain	0.941722211023195	0	0.0582777889768055	0	0	0	0	0	4
PD26435_2_chr19_chr19-240646-50291947-gain	0.115570838704733	0	0.664070813585038	0	0.220358347710229	0	0	0	8
PD26400_1_chr19_chr19-226776-59097308-gain	0.152912778918095	0.0543320260595789	0.631334515636243	0.161420679386083	0	0	0	0	73
MMRC023ZBM_1_chr19_chr19-3872925-49276287-gain	0.044327701429278	0.0281514765459993	0.414671455831905	0	0	0	0	0.512849366192817	107
PD26400_2_chr19_chr19-226776-59097308-gain	0.176389679820498	0.0677490821359739	0.755861238043528	0	0	0	0	0	18
PD26416_1_chr19_chr19-226776-59091928-gain	0.119854782088368	0.0553128145950291	0.436655970729081	0	0	0	0.388176432587522	0	53
V0D56W_1_chr19_chr19-245631-57828896-gain	0.0204682208210538	0.189944668426984	0.789587110751962	0	0	0	0	0	57
PD26416_2_chr19_chr19-226776-59091928-gain	0.388047588774005	0	0.216770946597525	0	0.39518146462847	0	0	0	5
PD26426_1_chr19_chr19-245631-24512429-gain	0.153236022309811	0	0.599161827478966	0.247602150211222	0	0	0	0	67
V0D56W_2_chr19_chr19-245631-57828896-gain	0.0852134977411714	0.089286078189625	0.825500424069204	0	0	0	0	0	12
PD26426_2_chr19_chr19-245631-24512429-gain	0.0491172317175457	0	0.950882768282454	0	0	0	0	0	6
MMRC023ZBM_2_chr19_chr19-3872925-49276287-gain	0.305268419412481	0	0.694731580587519	0	0	0	0	0	7
MMRC01Q1BM_2_chr19_chr19-253613-58913444-gain	0.0772862456334878	0	0.709048314728072	0	0.21366543963844	0	0	0	31
MMRC01Q1BM_1_chr19_chr19-253613-58913444-gain	0.0575852995798823	0	0.712744925455927	0.229669774964191	0	0	0	0	41
PD26404_1_chr19_chr19-158847-59091717-gain	0.188428305884866	0.0882109535929972	0.723360740522137	0	0	0	0	0	55
PD26404_2_chr19_chr19-158847-59091717-gain	0.172048572229383	0	0.827951427770617	0	0	0	0	0	10
PD26424_2_chr19_chr19-226776-59098064-gain	0	0	0.00133194245393389	0.425326447754863	0.573341609791203	0	0	0	10
PD26424_1_chr19_chr19-226776-59098064-gain	0.104734286483252	0	0.605171053409365	0.115162833416035	0.174931826691348	0	0	0	47
MMRC0244BM_1_chr2_chr2-15959-136135923-gain	0.0460699653997265	0	0.577780467036328	0	0.376149567563945	0	0	0	177
MMRC0244BM_2_chr2_chr2-15959-136135923-gain	0.081980982305909	0	0.391617276867047	0	0.526401740827044	0	0	0	107
PD26412_2_chr2_chr2-76530-242955595-gain	0.0717888216289537	0	0.459934191088344	0	0.468276987282702	0	0	0	179
MMRC006BBM_1_chr2_chr2-112445214-163761480-gain	0.0187566520731218	0.319842599017395	0.319415008521066	0.175654548606525	0	0.166331191781891	0	0	259
PD26423_1_chr2_chr2-69965642-242957431-gain	0.0195967957036848	0.0494560002384732	0.703654524169062	0	0	0	0.22729267988878	0	187
PD26412_1_chr2_chr2-76530-242955595-gain	0.0402959279607219	0.0741091401412615	0.66546531437028	0.220129617527736	0	0	0	0	44
MMRC006BBM_1_chr2_chr2-163761591-201793113-gain_2	0.00828318736327337	0.335928134613974	0.416221803980108	0	0	0.239566874042645	0	0	229
MMRC006BBM_2_chr2_chr2-112445214-163761480-gain	0.100362431519595	0.0790032841297092	0.470125797129508	0.304651518307344	0	0.0458569689138437	0	0	35
PD26423_2_chr2_chr2-69965642-242957431-gain	0.0869465653966287	0	0.50388699088479	0	0.409166443718581	0	0	0	70
MMRC006BBM_2_chr2_chr2-163761591-201793113-gain_2	0.194952126895691	0.240340120150271	0.164984318686699	0.399723434267339	0	0	0	0	16
MMRC006BBM_1_chr20_chr20-29945077-62915231-gain	0.0656412461961517	0.233203278850569	0.43115824647047	0	0	0.269997228482809	0	0	128
MMRC006BBM_2_chr20_chr20-29945077-62915231-gain	0.0510938321703337	0.101330560597561	0.560683997771034	0.113033215082783	0	0.173858394378289	0	0	15
MMRC0244BM_1_chr21_chr21-15273443-48101335-gain	0.165791671155775	0	0.41915526021506	0	0.415053068629165	0	0	0	39
MMRC0244BM_2_chr21_chr21-15273443-48101335-gain	0.234531926847027	0	0.765468073152973	0	0	0	0	0	16
MMRC023ZBM_1_chr21_chr21-15273232-31514657-gain	0.022065403450903	0	0.169777391084842	0.235437683054951	0.251638713644834	0	0	0.321080808764471	65
MMRC023ZBM_2_chr21_chr21-15273232-31514657-gain	0.216699762211655	0.170144559344328	0.0000119721935109092	0	0.613143706250506	0	0	0	6
PD26424_2_chr21_chr21-15281252-48097290-LOH	0.0370433155542646	0.0474419262300074	0.0592204965995321	0	0.856294261616196	0	0	0	18
PD26424_1_chr21_chr21-15281252-48097290-LOH	0.114435488279755	0	0.426232838232455	0.45933167348779	0	0	0	0	32
PD26403_1_chr21_chr21-15273232-48101335-gain	0.0240302082423094	0	0.581537103205578	0	0.311612362088407	0	0	0.0828203264637048	54
PD26403_2_chr21_chr21-15273232-48101335-gain	0.196970146336874	0	0.803029853663127	0	0	0	0	0	14
PD26410_2_chr21_chr21-15273817-48063256-gain	0.590360700646549	0	0.409639299353451	0	0	0	0	0	5
PD26410_1_chr21_chr21-15273817-48063256-gain	0.116167876942386	0	0.883832123057614	0	0	0	0	0	70
MMRC006BBM_1_chr22_chr22-20814667-49999704-gain	0.0482494749316402	0.231429741325973	0.524205171575516	0	0	0.196115612166871	0	0	105
MMRC006BBM_2_chr22_chr22-20814667-49999704-gain	0.0661056123144518	0	0.933894387685548	0	0	0	0	0	15
MMRC02GIBM_1_chr3_chr3-62288830-197843846-gain	0.0534719161885757	0.0422398951756453	0.436903881784686	0.14833346016644	0.319050846684653	0	0	0	203
MMRC02GIBM_2_chr3_chr3-62288830-197843846-gain	0.0478598214791622	0	0.474930812970076	0	0.477209365550762	0	0	0	75
PD26412_2_chr3_chr3-82010-197842892-gain	0.0883996706035493	0	0.328677833206382	0	0.582922496190069	0	0	0	188
MMRC006BBM_2_chr3_chr3-103827460-144704196-gain_2	0.00000000000000000000000000000137111638801896	0	0.804442994080165	0.195557005919835	0	0	0	0	15
PD26416_1_chr3_chr3-90348422-197846280-gain	0.0764590474121989	0	0.735818034174554	0.187722918413247	0	0	0	0	126
PD26412_1_chr3_chr3-82010-197842892-gain	0.0161414259218229	0.0790061536742488	0.904852420403928	0	0	0	0	0	36
MMRC006BBM_1_chr3_chr3-103827460-144704196-gain_2	0.00588612653298793	0.412896092619712	0.423256757105757	0	0	0.157961023741543	0	0	209
PD26407_2_chr3_chr3-60363-197842892-LOH	0.185132687293351	0	0.0188756836232233	0.162119615150003	0.633872013933422	0	0	0	67
PD26400_1_chr3_chr3-65982-197845233-gain	0.0431534731418173	0.0300295814579357	0.47300811939596	0.268152560103586	0.185656265900702	0	0	0	358
PD26419_2_chr3_chr3-48404925-181520729-gain	0.0271555755278607	0.158881177007399	0.696928417496547	0.117034829968193	0	0	0	0	63
PD26416_2_chr3_chr3-90348422-197846280-gain	0.0892653634139414	0	0.146163645544647	0.308182479205989	0.456388511835423	0	0	0	31
PD26419_1_chr3_chr3-48404925-181520729-gain	0.00666457335628345	0.163742062193658	0.420206350253967	0.313581402565705	0	0.0958056116303868	0	0	324
PD26400_2_chr3_chr3-65982-197845233-gain	0.0577429474776712	0	0.296255267154754	0.159868405005501	0.486133380362073	0	0	0	79
MMRC023ZBM_1_chr3_chr3-60363-150438384-gain	0.0139449794499172	0.0414117309921505	0.241611324593238	0.170798488229955	0.22802728087536	0	0	0.30420619585938	517
PD26407_1_chr3_chr3-60363-197842892-LOH	0.135175703634276	0	0.864824296365724	0	0	0	0	0	59
MMRC023ZBM_2_chr3_chr3-60363-150438384-gain	0.0440201579445184	0	0.577986289248829	0	0.377993552806652	0	0	0	28
PD26435_2_chr3_chr3-77942-197846280-gain	0.0244510129621163	0	0.348273607007659	0.3961839380046	0.231091442025625	0	0	0	132
PD26435_1_chr3_chr3-77942-197846280-gain	0.0213726062261633	0	0.399133829940838	0.391549886860653	0.1514351882415	0.0365084887308451	0	0	296
MMRC023ZBM_1_chr3_chr3-150439822-197842892-gain	0.0182009818245641	0.0622485113934341	0.413616477695735	0.129114959164585	0.169410394353301	0	0	0.207408675568381	171
MMRC023ZBM_2_chr3_chr3-150439822-197842892-gain	0.0000542697729977965	0	0.86367980311899	0	0.136265927108012	0	0	0	14
MMRC00GABM_1_chr3_chr3-60363-197822648-gain	0.0724869441057231	0.0501911126865449	0.47234169227381	0.234934583843592	0.170045667090331	0	0	0	283
MMRC00GABM_2_chr3_chr3-60363-197822648-gain	0.128468504000657	0.038288413688123	0.267965665801266	0	0.565277416509954	0	0	0	58
PD26411_1_chr3_chr3-60596-197845233-gain	0.03654032010588	0.0478414784924777	0.436821604266694	0.199435614249456	0.279360982885493	0	0	0	253
PD26411_2_chr3_chr3-60596-197845233-gain	0.0634630368643924	0	0.17782115574282	0.179625354732307	0.57909045266048	0	0	0	75
PD26410_1_chr3_chr3-60596-197846280-gain	0.0768331187233445	0.0701013193950518	0.544218519802608	0	0.180241839344809	0	0.128605202734187	0	417
PD26410_2_chr3_chr3-60596-197846280-gain	0.000000000000000000000276623227075731	0.0689442093572566	0.0255245322622681	0	0.664118180300232	0	0.241413078080244	0	66
V0D56W_1_chr3_chr3-60596-86944049-gain	0.0326265885891287	0.100886608500045	0.668744299883272	0.145779033916607	0	0.0519634691109469	0	0	177
MMRC01YHBM_2_chr3_chr3-60596-194758774-gain	0.0193437380936124	0	0.548050730721628	0	0.280050662399044	0	0.152554868785716	0	45
MMRC01YHBM_1_chr3_chr3-60596-194758774-gain	0.11056529017394	0.0359605011696395	0.324596630179574	0	0.334324714808444	0	0.194552863668402	0	234
PD26423_1_chr3_chr3-60596-197832778-gain	0.0770147498841223	0.0548402433694931	0.62975702673146	0	0	0	0.170497643070127	0.0678903369447978	229
PD26423_2_chr3_chr3-60596-197832778-gain	0.0712774672550406	0	0.274792729316242	0	0.469803035155196	0	0.184126768273522	0	53
V0D56W_2_chr3_chr3-60596-86944049-gain	0.000000711591186674402	0	0.46480651942491	0	0.469078079353368	0.0661146896305345	0	0	31
MMRC0244BM_2_chr3_chr3-61113-193475269-gain	0.0678366077505417	0	0.499067474075791	0	0.433095918173667	0	0	0	106
MMRC0244BM_1_chr3_chr3-61113-193475269-gain	0.0544957477111157	0	0.422697141892238	0	0.522807110396647	0	0	0	295
MMRC01Q1BM_1_chr3_chr3-95006016-197842358-gain	0.0227923521839913	0	0.488410336087683	0.146976389605227	0.341820922123099	0	0	0	210
V0D57M_1_chr3_chr3-9500947-74387612-gain	0.0514571352708474	0.0603648454625218	0.748709183155522	0.139468836111109	0	0	0	0	136
V0D57M_2_chr3_chr3-9500947-74387612-gain	0.215074521191572	0	0.784925478808428	0	0	0	0	0	16
MMRC01Q1BM_1_chr3_chr3-61466-90497467-gain	0.00851059735401426	0	0.689795546297818	0.172486938967729	0.129206917380438	0	0	0	155
MMRC01Q1BM_2_chr3_chr3-61466-90497467-gain	0.0512481181839511	0	0.209727234485194	0.370335774416397	0.368688872914458	0	0	0	33
PD26432_2_chr3_chr3-60596-173503973-gain_2	0.0587110028309657	0.0550035539023308	0.115378648753887	0	0.770906794512816	0	0	0	217
PD26432_1_chr3_chr3-60596-173503973-gain_2	0.056711113920228	0	0.328717463484596	0.122368604719528	0.492202817875648	0	0	0	266
MMRC01Q1BM_2_chr3_chr3-95006016-197842358-gain	0.0788895188681561	0	0.258993380333309	0	0.662117100798535	0	0	0	37
PD26426_1_chr3_chr3-61113-164239139-gain	0.0594435300204887	0	0.598362819525637	0.169284782276851	0	0	0.172908868177023	0	594
PD26426_1_chr3_chr3-164335107-197742603-gain	0.0508866503007357	0	0.53925808514743	0	0.209507399918971	0	0.200347864632863	0	133
PD26426_2_chr3_chr3-164335107-197742603-gain	0.134880047868633	0	0.438530821464536	0	0.42658913066683	0	0	0	12
PD26415_2_chr3_chr3-60799-197842358-LOH	5.5976562489049e-76	0	0.179156401956167	0	0.820843598043833	0	0	0	70
PD26415_1_chr3_chr3-60799-197842358-LOH	0.0219150132151749	0	0.797570371458851	0	0.180514615325974	0	0	0	41
V0D56W_1_chr3_chr3-87114893-197842358-gain	0.0148709053542632	0.12276861508294	0.359057770781364	0.197990368216806	0.257671769451109	0.0476405711135174	0	0	211
V0D56W_2_chr3_chr3-87114893-197842358-gain	0.126978842050948	0.0551583683891485	0.169752597267247	0.163837334027718	0.484272858264938	0	0	0	31
PD26426_2_chr3_chr3-61113-164239139-gain	0.101985919904498	0	0.237440485569898	0	0.660573594525604	0	0	0	59
PD26404_2_chr3_chr3-82187637-197842892-gain	0.0775968581370372	0	0.0000287764361579343	0	0.922374365426805	0	0	0	35
PD26404_1_chr3_chr3-82187637-197842892-gain	0.0861580980913894	0	0.634955490454256	0	0.278886411454354	0	0	0	133
V0D57M_1_chr3_chr3-139108716-197845233-gain	0.0528105480571526	0.119534484670163	0.44052838632002	0.188319817790499	0.198806763162166	0	0	0	159
V0D57M_2_chr3_chr3-139108716-197845233-gain	0.0754177992813059	0	0.293951444743087	0.174202759285703	0.456427996689904	0	0	0	34
PD26426_1_chr4_chr4-23399305-65322302-LOH	0.0372042633847225	0	0.552618370919273	0.312157086216962	0	0	0.0980202794790432	0	98
MMRC006BBM_1_chr4_chr4-97884-85252666-gain	0.00955598837913201	0.340448946367178	0.301783174996418	0.204350864126256	0	0.143861026131016	0	0	404
PD26423_1_chr4_chr4-48162658-190781874-gain	0.0392895568097777	0.082463294339372	0.675696710371225	0.202550438479625	0	0	0	0	169
PD26426_1_chr4_chr4-172582692-190790246-LOH	0.0000000000000000514432720798125	0	0.533160387540848	0.269404691862883	0	0	0.197434920596269	0	58
PD26423_2_chr4_chr4-48162658-190781874-gain	0.0670365370480562	0	0.254460601942031	0	0.476554302040659	0	0.201948558969253	0	50
V0D56W_1_chr4_chr4-1736252-190790246-gain	0.00685811560263519	0.131575216513711	0.464718185118148	0.18458363954733	0.212264843218177	0	0	0	434
PD26426_1_chr4_chr4-74264441-111311301-LOH	0.0297399153576198	0	0.693724201871803	0.276535882770577	0	0	0	0	93
PD26426_2_chr4_chr4-172582692-190790246-LOH	0.0475647231926364	0	0.0379308483903224	0	0.914504428417041	0	0	0	19
MMRC006BBM_2_chr4_chr4-97884-85252666-gain	0.0453089468540757	0.0531323558368815	0.524907100497685	0.29031167893925	0	0.0863399178721075	0	0	62
V0D56W_2_chr4_chr4-1736252-190790246-gain	0.0382714823038288	0	0.159344885217991	0.175991358574565	0.626392273903615	0	0	0	86
PD26426_1_chr4_chr4-81303-23381399-LOH	0.0349412256279677	0	0.605543093103268	0.359515681268764	0	0	0	0	41
PD26426_2_chr4_chr4-23399305-65322302-LOH	3.01242364407284e-78	0	0.0000263813851288277	0	0.999973618614871	0	0	0	28
PD26426_2_chr4_chr4-81303-23381399-LOH	0.183953027146778	0	0.435293976438234	0	0.380752996414988	0	0	0	10
PD26426_2_chr4_chr4-74264441-111311301-LOH	0.0522767018107368	0	0.0505403152586565	0	0.422075288173333	0	0.475107694757274	0	16
MMRC023ZBM_1_chr5_chr5-866615-163686604-gain	0.0207196422203011	0.0704474692141816	0.262526699147517	0.165159048907647	0.215129791253509	0	0	0.266017349256845	539
PD26416_1_chr5_chr5-18848841-180706525-gain	0.040215487682649	0.0648942427648533	0.590975360168629	0.303914909383869	0	0	0	0	200
PD26416_2_chr5_chr5-18848841-180706525-gain	0.071383002297444	0.105795035334307	0.00457566402872014	0	0.648400550689511	0	0.169845747650018	0	35
MMRC023ZBM_2_chr5_chr5-866615-163686604-gain	0.15681424393503	0	0.625889402860079	0.217296353204892	0	0	0	0	36
MMRC01YHBM_1_chr5_chr5-874001-180685900-gain	0.0879261536613286	0	0.609823888949235	0	0.205431364679632	0	0.0968185927098044	0	174
MMRC02GIBM_1_chr5_chr5-852207-180706525-gain	0.0536386799417128	0.0372048583617977	0.596249371736232	0	0.312907089960257	0	0	0	265
MMRC02GIBM_2_chr5_chr5-852207-180706525-gain	0.0997044920474753	0	0.371022147875375	0	0.529273360077149	0	0	0	84
PD26409_1_chr5_chr5-852691-180722682-gain	0.0229917545211421	0.0484910233870357	0.781325243703608	0.147191978388214	0	0	0	0	234
PD26409_2_chr5_chr5-852691-180722682-gain	0.124489844186009	0	0.177904786775886	0	0.697605369038105	0	0	0	62
MMRC01YHBM_2_chr5_chr5-874001-180685900-gain	0.114282142750013	0	0.228793860460487	0	0.454678737347878	0	0.202245259441622	0	37
PD26426_1_chr5_chr5-849504-46404791-gain	0.0504332337595673	0	0.550870183008214	0.269402280994114	0	0	0.129294302238105	0	209
PD26426_2_chr5_chr5-849504-46404791-gain	0.0980365927597092	0	0.171136166033643	0.183422171963236	0.547405069243411	0	0	0	24
V0D58T_1_chr5_chr5-849605-108662744-gain	0.035513738363168	0.0754208944376222	0.57116499910804	0	0.182083324043918	0	0.135817044047252	0	273
V0D58T_2_chr5_chr5-849605-108662744-gain	0.082765562973818	0.0295012654012009	0.129594114764901	0	0.75813905686008	0	0	0	70
MMRC00GABM_2_chr5_chr5-850203-180715810-gain	0.0793763552554453	0	0.221002849848942	0.183140209244582	0.51648058565103	0	0	0	49
MMRC00GABM_1_chr5_chr5-850203-180715810-gain	0.0519714433252266	0.0753478891918136	0.654896054551733	0	0.217784612931227	0	0	0	226
PD26429_1_chr5_chr5-96666874-180685900-gain	0.0758585758551891	0.0647117752498825	0.859429648894928	0	0	0	0	0	127
PD26410_1_chr5_chr5-98531912-180663035-gain	0.0431950316557645	0.076321535794179	0.510162065004196	0	0.239635309169316	0	0.130686058376544	0	167
PD26429_2_chr5_chr5-96666874-180685900-gain	0.0904992128723423	0	0.442172275380437	0	0.46732851174722	0	0	0	10
PD26410_2_chr5_chr5-98531912-180663035-gain	2.04010934575668e-56	0	0.190963109917106	0	0.745325412517435	0	0.0637114775654588	0	27
PD26404_2_chr5_chr5-849504-180658843-gain	0.107171246772992	0	0.169955266907043	0.17715491180962	0.545718574510344	0	0	0	84
PD26404_1_chr5_chr5-849504-180658843-gain	0.0651999388817996	0.0384514303095908	0.705501224148551	0	0.190847406660059	0	0	0	259
V0D57H_1_chr5_chr5-857922-17727088-gain	0.000166966425184691	0.0544051613094853	0.543054913011171	0.402372959254159	0	0	0	0	99
V0D57H_2_chr5_chr5-857922-17727088-gain	0.00000000000000000000024623277954319	0	0.576433092356659	0.423566907643341	0	0	0	0	12
MMRC023ZBM_1_chr5_chr5-163976795-180699533-gain	0.0689186588498154	0.0850139553111498	0.51382301041907	0	0	0	0	0.332244375419965	74
PD26424_1_chr5_chr5-852691-46345127-gain	0.000231563726255851	0.0641016304136764	0.24827337169905	0.152094025544265	0.535299408616753	0	0	0	126
PD26400_1_chr5_chr5-849605-116646218-gain	0.0174484222720415	0	0.477563494685848	0.245112523562436	0.259875559479675	0	0	0	251
PD26400_2_chr5_chr5-849605-116646218-gain	0.0000000000249086524630182	0.0429103612217849	0.106471344720803	0	0.850618294032503	0	0	0	99
PD26418_2_chr5_chr5-126144324-180710431-LOH	0.000000000000119534850317276	0	0.87116532277581	0	0.128834677224071	0	0	0	59
PD26418_1_chr5_chr5-126144324-180710431-LOH	2.33858911836817e-73	0.454469178730526	0.213694699631746	0	0.331836121637728	0	0	0	4
MMRC023ZBM_2_chr5_chr5-163976795-180699533-gain	0.0000000000000000000122268094217823	0	0.378877943281812	0.621122056718188	0	0	0	0	4
PD26424_2_chr5_chr5-852691-46345127-gain	0.00714868646790643	0.0987058243279806	0.229668451189302	0	0.664477038014811	0	0	0	87
PD26407_2_chr5_chr5-855091-180722682-gain	0.0466517093733216	0	0.444537352693089	0.27788039476554	0.23093054316805	0	0	0	52
PD26407_1_chr5_chr5-855091-180722682-gain	0.0182411001728249	0	0.557016405415453	0	0.424742494411722	0	0	0	128
PD26410_1_chr5_chr5-852691-98447717-gain	0.0343314094292948	0.103330532628288	0.730025327735228	0	0	0	0.132312730207189	0	236
PD26415_2_chr5_chr5-852691-180715810-gain	0.0293414639244463	0	0.273367398193454	0	0.533175604740503	0	0.164115533141596	0	120
PD26415_1_chr5_chr5-852691-180715810-gain	0.00432950958190768	0	0.139418873579852	0	0.642882029724209	0	0.213369587114032	0	67
V0D57M_1_chr5_chr5-51164467-142476741-gain	0.0416767822168962	0.0856113713434518	0.737364248833823	0.135347597605829	0	0	0	0	222
V0D57M_2_chr5_chr5-51164467-142476741-gain	0.0126734822713697	0.0346693610269432	0.575900957828937	0	0.376756198872751	0	0	0	42
PD26410_2_chr5_chr5-852691-98447717-gain	0.00833554538105991	0	0.237981257217877	0	0.659483028768324	0	0.094200168632739	0	50
MMRC0244BM_2_chr5_chr5-142821164-180708152-gain	0.0447458198137545	0	0.301020231223258	0	0.654233948962988	0	0	0	39
MMRC0244BM_1_chr5_chr5-142821164-180708152-gain	0.0714357417764777	0	0.928564258223522	0	0	0	0	0	32
PD26432_1_chr5_chr5-851582-180718018-gain_2	0.0964552748042488	0	0.253339807096344	0.113138835284751	0.537066082814656	0	0	0	312
PD26432_2_chr5_chr5-851582-180718018-gain_2	0.0782015691543259	0	0.0663124834359102	0	0.855485947409764	0	0	0	216
PD26400_1_chr5_chr5-137243696-180632334-gain	0.0276974087292705	0.04353529212226	0.564661010639435	0	0.364106288509035	0	0	0	76
PD26400_2_chr5_chr5-137243696-180632334-gain	0.084217073557062	0	0.28333779953287	0	0.632445126910068	0	0	0	20
PD26408_2_chr5_chr5-850203-130150273-gain	0.112694472216606	0	0.161399228250902	0	0.725906299532492	0	0	0	92
PD26408_1_chr5_chr5-130588550-180715810-gain	0.101547857271627	0	0.411836771298205	0	0.486615371430168	0	0	0	51
PD26408_2_chr5_chr5-130588550-180715810-gain	0.207037650447943	0	0.632182889421096	0.160779460130962	0	0	0	0	38
PD26408_1_chr5_chr5-850203-130150273-gain	0.082044598950268	0.0983472248074287	0.225883862472574	0.212898919775552	0.380825393994177	0	0	0	138
PD26424_2_chr5_chr5-127179152-180714526-gain	0.104576811399913	0.0266310073644447	0.341564535831535	0	0.527227645404108	0	0	0	66
PD26424_1_chr5_chr5-127179152-180714526-gain	0.0295536520828816	0.067715792846164	0.399942336718144	0	0.50278821835281	0	0	0	57
PD26429_1_chr5_chr5-849504-54058141-gain	0.0336637608970599	0.043542228594283	0.690327674534987	0	0.23246633597367	0	0	0	131
PD26429_2_chr5_chr5-849504-54058141-gain	0.0000289731073636024	0	0.000018322778890241	0	0.999952704113746	0	0	0	38
MMRC006BBM_1_chr6_chr6-51590078-170919735-LOH	0.00317526419845195	0.316531708403697	0.485859080922043	0	0	0.194433946475808	0	0	345
PD26400_2_chr6_chr6-205933-58144557-gain	0.0436746244570202	0.0816511975047667	0.401083831568747	0	0.473590346469466	0	0	0	31
MMRC006BBM_2_chr6_chr6-51590078-170919735-LOH	0.0712225829645861	0.104781080640341	0.492932268502511	0.331064067892562	0	0	0	0	64
PD26400_1_chr6_chr6-205933-58144557-gain	0.0438375925121836	0	0.628214471668575	0.129525816928747	0.198422118890495	0	0	0	85
MMRC0244BM_1_chr6_chr6-205920-71097327-gain	0.0651291358937703	0	0.93487086410623	0	0	0	0	0	60
PD26424_1_chr6_chr6-202452-58773345-gain	0.0353813774266868	0.129078578099872	0.358719173640283	0.160564632089469	0.31625623874369	0	0	0	89
PD26426_1_chr6_chr6-121141140-170921585-gain	0.0570752505543292	0	0.812221725892528	0	0	0	0.130703023553142	0	145
PD26403_1_chr6_chr6-209980-97740177-gain	0.116454985465794	0	0.544711378788004	0.083919179979519	0.254914455766683	0	0	0	167
PD26424_2_chr6_chr6-202452-58773345-gain	0.000000000000000000000000000000000000000000000000263705042129783	0	0.276635277676058	0.301375618302139	0.421989104021802	0	0	0	24
PD26426_2_chr6_chr6-121141140-170921585-gain	2.1528520484325e-279	0	0.000418534054210646	0	0.999581465945789	0	0	0	9
MMRC0244BM_2_chr6_chr6-205920-71097327-gain	0.0954268614862963	0	0.242845944768276	0	0.661727193745428	0	0	0	35
PD26426_1_chr6_chr6-5007946-77176057-gain	0.0262482551781821	0	0.627001818729806	0.158042113563772	0	0	0.18870781252824	0	235
PD26403_2_chr6_chr6-209980-97740177-gain	0.00833936400119209	0	0.615890180970277	0	0.375770455028531	0	0	0	75
PD26426_2_chr6_chr6-5007946-77176057-gain	0.0425604051374026	0	0.0687058601762393	0	0.719815538265019	0	0.168918196421339	0	27
V0D577_2_chr6_chr6-70632832-170919735-LOH	0.0201600882481844	0	0.239684741976022	0.277205571794581	0.462949597981212	0	0	0	74
PD26407_2_chr6_chr6-205920-170921585-LOH	0.0514608679771738	0	0.400330516971242	0	0.548208615051584	0	0	0	43
PD26407_1_chr6_chr6-205920-170921585-LOH	0.033956830267777	0	0.774622964356352	0	0.191420205375871	0	0	0	44
MMRC01Q1BM_1_chr6_chr6-63976354-119044453-gain	0.0288521664321595	0.0512324677620548	0.416062895078862	0.158199845477047	0.345652625249877	0	0	0	131
PD26411_1_chr6_chr6-205800-170985493-gain	0.0685433424333112	0.0372785942627119	0.646053286084786	0	0.152316773248724	0	0	0.095808003970467	192
PD26411_2_chr6_chr6-205800-170985493-gain	0.0724478239819468	0.0624253765367967	0.0000299168013678519	0.278631193161975	0.586465689517913	0	0	0	95
PD26423_2_chr6_chr6-205800-106227990-gain	0.0339185760911046	0	0.598234937647401	0	0	0	0.367846486261494	0	20
PD26423_1_chr6_chr6-205800-106227990-gain	0.0621716315287276	0.0344452487078799	0.497731686067366	0	0.233469013201327	0	0.172182420494699	0	103
V0D577_1_chr6_chr6-70632832-170919735-LOH	0.0000000000000000000000000000644451742539459	0.0715827535002384	0.492360032480077	0.436057214019684	0	0	0	0	25
V0D57H_1_chr6_chr6-202452-23664848-gain_2	0.0345403861083372	0.0888719710712467	0.579586853154161	0.297000789666255	0	0	0	0	60
V0D57H_2_chr6_chr6-202452-23664848-gain_2	0.000000304105328032582	0.507157818482208	0.492841877412463	0	0	0	0	0	9
MMRC01Q1BM_2_chr6_chr6-63976354-119044453-gain	0.00000000000000000000000000000000000000745389508040559	0	0.261900142232497	0.216310862296018	0.521788995471485	0	0	0	28
MMRC01Q1BM_1_chr6_chr6-21507159-57297982-gain	0.00971090901240559	0	0.625009519444621	0.365279571542973	0	0	0	0	45
MMRC01Q1BM_2_chr6_chr6-21507159-57297982-gain	0.00000000000000000000000148905002826747	0.13112066101332	0.558020253878785	0.310859085107895	0	0	0	0	13
V0D583_1_chr6_chr6-203397-56381912-gain	0.0360867231449761	0.0202958101030794	0.668705669818763	0.274911796933181	0	0	0	0	62
V0D583_2_chr6_chr6-203397-56381912-gain	0.0898653964300175	0	0.910134603569983	0	0	0	0	0	13
MMRC006BBM_2_chr6_chr6-8753976-26025186-gain	0.186497573045551	0	0.00000358824906537325	0.813498838705384	0	0	0	0	6
MMRC006BBM_1_chr6_chr6-8753976-26025186-gain	0.00937763775677635	0.329398790265073	0.237538100962801	0.256501657710672	0	0.167183813304677	0	0	75
MMRC006BBM_2_chr6_chr6-30054757-51588537-gain	0.0000000233852356260236	0.262429977837525	0.572651796919736	0	0	0.164918201857503	0	0	37
MMRC006BBM_1_chr6_chr6-30054757-51588537-gain	0.00000134097549083142	0.367624554215796	0.532382850524808	0	0	0.0999912542839052	0	0	51
MMRC006BBM_3_chr6_chr6-30054757-51588537-gain	0.395995547590205	0	0.13184063952997	0.472163812879825	0	0	0	0	8
MMRC0244BM_1_chr7_chr7-126065-90228299-gain	0.0292649191893496	0	0.610211213686485	0	0.360523867124165	0	0	0	134
MMRC01YHBM_1_chr7_chr7-115401-159122935-gain	0.0984916759323576	0.0625761362277792	0.578827534078165	0	0.260104653761699	0	0	0	166
PD26412_2_chr7_chr7-10528993-141835869-gain	0.0608657119931645	0	0.146217938392016	0.336645776517959	0.456270573096861	0	0	0	90
PD26403_2_chr7_chr7-51137087-159123286-gain	0.073315557349727	0	0.132549598513838	0	0.794134844136435	0	0	0	75
MMRC01Q1BM_1_chr7_chr7-81237-159122659-gain	0.0412114013519925	0.0732226586915155	0.536497519979659	0.171386425378898	0.177681994597936	0	0	0	239
MMRC0244BM_2_chr7_chr7-126065-90228299-gain	0.0586976446251946	0	0.464230818142797	0	0.477071537232009	0	0	0	51
PD26412_1_chr7_chr7-10528993-141835869-gain	0.0256427893935987	0.0573520157680905	0.34574686070818	0.165890056903572	0.405368277226558	0	0	0	58
MMRC01Q1BM_2_chr7_chr7-81237-159122659-gain	0.101220774539894	0	0.301552892899415	0.139713591842054	0.457512740718638	0	0	0	77
MMRC01YHBM_2_chr7_chr7-115401-159122935-gain	0.18266168912497	0	0.555684200515257	0	0.261654110359772	0	0	0	45
PD26403_1_chr7_chr7-51137087-159123286-gain	0.113384044752556	0	0.603978158841684	0	0.282637796405759	0	0	0	163
PD26411_1_chr7_chr7-80500-159122935-gain	0.0763680035965112	0.0312513388532835	0.332917245684785	0.131220123398346	0.274510884246481	0	0	0.153732404220593	191
PD26411_2_chr7_chr7-80500-159122935-gain	0.141092970143982	0.0502109787134356	0.29805572620408	0	0.510640324938503	0	0	0	50
PD26416_1_chr7_chr7-85840-159122935-gain	0.109798007365019	0.0455709627264714	0.485726258664273	0.358904771244237	0	0	0	0	106
PD26404_1_chr7_chr7-81237-159078308-gain	0.120049078774069	0.0620340974097789	0.346846146396511	0.151438129258253	0.319632548161388	0	0	0	212
PD26432_1_chr7_chr7-80500-159122682-gain_2	0.0734627987930826	0.0345794125660216	0.279640710551419	0	0.612317078089477	0	0	0	227
PD26432_2_chr7_chr7-80500-159122682-gain_2	0.109365999059891	0	0.163585540328655	0	0.727048460611454	0	0	0	129
PD26404_2_chr7_chr7-81237-159078308-gain	0.0536017694131915	0	0.103549443524593	0.114685072764996	0.72816371429722	0	0	0	52
PD26426_1_chr7_chr7-1075573-159125264-gain	0.0534240688845203	0	0.595508083760542	0.192560463661021	0	0	0.158507383693917	0	484
PD26426_2_chr7_chr7-1075573-159125264-gain	0.0629975210521698	0	0.317116863553634	0	0.619885615394196	0	0	0	68
PD26424_1_chr7_chr7-82180-159122682-gain	0.0335363075210236	0.0278539552190844	0.441556025393723	0.179299571537216	0.317754140328953	0	0	0	288
PD26416_2_chr7_chr7-85840-159122935-gain	0.0806153440176648	0	0.803670689112431	0	0	0	0.115713966869904	0	76
PD26424_2_chr7_chr7-82180-159122682-gain	0.013695735549748	0	0.0000389993361565637	0	0.986265265114096	0	0	0	119
PD26410_2_chr7_chr7-83177-146953721-gain	0.0526234981308734	0	0.575088466422176	0	0.372288035446951	0	0	0	123
PD26410_1_chr7_chr7-83177-146953721-gain	0.049099971419902	0.0882504160435641	0.750806211758343	0	0	0	0.111843400778191	0	208
PD26409_2_chr7_chr7-70390792-159122935-gain	0.0976819431702677	0	0.0697327552342727	0.241618514848198	0.590966786747262	0	0	0	30
PD26409_1_chr7_chr7-70390792-159122935-gain	0.0314720297515906	0.0436473342873265	0.471615998403864	0.197754284453143	0.255510353104076	0	0	0	152
PD26409_1_chr7_chr7-80500-69899132-gain	0.0368348824526619	0.0475293403537533	0.710219700134002	0.205416077059583	0	0	0	0	78
PD26409_2_chr7_chr7-80500-69899132-gain	0.241549226440605	0	0.758450773559395	0	0	0	0	0	11
V0D57M_2_chr7_chr7-90563534-155487071-gain	0.111766375650534	0.0701266744006165	0.315975040497945	0	0.502131909450904	0	0	0	40
V0D57M_1_chr7_chr7-90563534-155487071-gain	0.0460498960511215	0.122926059609687	0.651588001849862	0	0.17943604248933	0	0	0	199
V0D57M_1_chr7_chr7-83177-47529511-gain	0.0928798987204503	0.0658134227960402	0.593487019081068	0	0.247819659402441	0	0	0	88
V0D57M_2_chr7_chr7-83177-47529511-gain	0.147169175596306	0	0.246842269446377	0	0.605988554957316	0	0	0	17
V0D57M_1_chr7_chr7-47921824-90494919-gain	0.0337619353303209	0.0469322966157252	0.774696770107993	0.144608997945961	0	0	0	0	110
V0D57M_2_chr7_chr7-47921824-90494919-gain	0.108604415647118	0	0.166021155917266	0.301245131822624	0.424129296612991	0	0	0	35
V0D58T_1_chr7_chr7-39982115-95030919-gain	0.0306943171053644	0.0719153647052353	0.352789415730456	0	0.276883896453802	0	0.128455034918453	0.139261971086689	154
V0D58T_2_chr7_chr7-39982115-95030919-gain	0.0572820595449677	0.0603538903480844	0.413992927462821	0	0.353846126331843	0	0.114524996312284	0	34
V0D583_1_chr8_chr8-38142459-126352634-gain	0.00000000313206889001521	0.0908659449675363	0.310110727730454	0.33065916381625	0.26836416035369	0	0	0	94
PD26410_1_chr8_chr8-115052822-146247825-gain	0.00000000000302627219738495	0.0352195140665392	0.562665598215111	0	0.402114887715323	0	0	0	40
MMRC006BBM_2_chr8_chr8-161635-23651993-gain	0.00000000000000000000699948025657082	0	0.367287929014168	0.58082616371994	0	0.051885907265892	0	0	20
V0D583_2_chr8_chr8-38142459-126352634-gain	0.000000000000000000000718183499405947	0	0.427171893792882	0.240972496749018	0.331855609458101	0	0	0	49
MMRC006BBM_1_chr8_chr8-161635-23651993-gain	0.0322160691078304	0.318940002858823	0.501756598944468	0	0	0.147087329088878	0	0	126
PD26410_2_chr8_chr8-115052822-146247825-gain	0.00000000000000000000000000000000000000843180574395241	0.0568218164252041	0.645271255257037	0	0.297906928317759	0	0	0	34
V0D58T_1_chr8_chr8-103774503-124232660-gain	0.0000000000113610920864404	0	0.727189713840867	0	0	0	0	0.272810286147772	38
V0D58T_2_chr8_chr8-103774503-124232660-gain	0.0000361906541898699	0	0.368904604356434	0	0.457439064036908	0	0.173620140952468	0	22
PD26407_1_chr9_chr9-203761-141068960-gain	0.089103138600374	0	0.423159166305514	0.219356929597984	0.268380765496127	0	0	0	85
PD26435_1_chr9_chr9-203761-141069765-gain	0.00000388491523613208	0.0440588421764716	0.3925348529523	0.426405677894417	0.136996742061576	0	0	0	232
PD26411_1_chr9_chr9-203761-141058424-gain	0.0643547131177942	0	0.612292174494603	0.0823034157910568	0.163579457227451	0	0	0.0774702393690949	109
PD26411_2_chr9_chr9-203761-141058424-gain	0.138095375461704	0.0367159645808233	0.37138330881577	0	0.453805351141702	0	0	0	72
MMRC0244BM_2_chr9_chr9-203761-141069463-gain	0.125919065273378	0	0.448029346672996	0	0.426051588053626	0	0	0	72
PD26429_2_chr9_chr9-207454-101427210-gain	0.0802089037227407	0.0478704776519418	0.161944003221712	0	0.709976615403605	0	0	0	31
MMRC00GABM_1_chr9_chr9-22734024-115292080-gain	0.000118121728922074	0.0473921061492023	0.561708296114024	0.217479840522742	0.173301635485109	0	0	0	95
MMRC0244BM_1_chr9_chr9-203761-141069463-gain	0.0731231009472396	0	0.47189722561464	0	0.454979673438121	0	0	0	155
PD26435_2_chr9_chr9-203761-141069765-gain	0.0204262916125532	0	0.212085885244252	0.2233104044239	0.497208220624141	0.046969198095153	0	0	24
PD26429_1_chr9_chr9-207454-101427210-gain	0.103553823389063	0.0832559984007065	0.813190178210231	0	0	0	0	0	122
PD26407_2_chr9_chr9-203761-141068960-gain	0.0000000000000000000000000000000000000000000000000000122866871146101	0	0.0985228091146313	0	0.901477190885369	0	0	0	14
PD26408_2_chr9_chr9-203937-141068960-gain	0.0391517063034135	0	0.26579353166312	0	0.695054762033467	0	0	0	58
MMRC02GIBM_1_chr9_chr9-38613282-141066491-gain	0.0629063960394759	0	0.766671290387432	0	0.170422313573092	0	0	0	79
PD26410_1_chr9_chr9-75944865-141031439-gain	0.0965995963601283	0.102765148911238	0.695029763262441	0	0	0	0.105605491466192	0	120
PD26415_1_chr9_chr9-245332-141069765-gain	0.0175536823504252	0	0.466926899157789	0	0.445132317576535	0	0.0703871009152504	0	52
MMRC02GIBM_2_chr9_chr9-38613282-141066491-gain	0.18556092300035	0	0.589091234834785	0	0.225347842164865	0	0	0	34
V0D58T_1_chr9_chr9-7208612-131803330-gain	0.0214698095540506	0.100900175085324	0.476922710666797	0	0	0	0.172967858623417	0.227739446070411	238
PD26415_2_chr9_chr9-245332-141069765-gain	0.0000151382237321674	0	0.332247916852006	0	0.41814597676512	0	0.249590968159142	0	45
PD26410_2_chr9_chr9-75944865-141031439-gain	0.375114925488581	0.0744520864828589	0.0019017916573606	0	0.324357290824304	0	0.224173905546896	0	14
PD26408_1_chr9_chr9-203937-141068960-gain	0.0818207590981027	0	0.556817306762199	0.1484753686409	0.212886565498798	0	0	0	89
PD26400_2_chr9_chr9-8973897-36861819-gain	0.0376942999859018	0	0.290760378564045	0	0.671545321450053	0	0	0	21
PD26400_1_chr9_chr9-8973897-36861819-gain	0.0602644822718322	0.053464351619283	0.27605991798757	0.349770668158744	0.260440579962571	0	0	0	73
PD26403_1_chr9_chr9-203761-141058424-gain	0.0648168035571937	0	0.477955788276275	0.176131053280308	0.281096354886222	0	0	0	186
V0D58T_2_chr9_chr9-7208612-131803330-gain	0.152917634488518	0	0.481973316475163	0	0.365109049036319	0	0	0	31
MMRC00GABM_2_chr9_chr9-22734024-115292080-gain	0.00849162569622323	0	0.442423132583562	0	0.549085241720215	0	0	0	30
PD26403_2_chr9_chr9-203761-141058424-gain	0.109248167158974	0	0.533421509144011	0	0.357330323697015	0	0	0	75
V0D57M_1_chr9_chr9-203761-141068960-gain	0.0250209748363171	0.0829934937885231	0.651618707692456	0	0.240366823682704	0	0	0	152
V0D57M_2_chr9_chr9-203761-141068960-gain	0.0261990742903716	0	0.433391712772471	0	0.540409212937157	0	0	0	27
V0D57M_1_chr9_chr9-82130427-141068960-gain	0.0661508138676248	0.0286788735189983	0.790909242653809	0.114261069959568	0	0	0	0	134
V0D57M_2_chr9_chr9-82130427-141068960-gain	0.0936688375792172	0.115007064516	0.498553762137688	0	0.292770335767094	0	0	0	20
PD26424_1_chr9_chr9-204850-119304002-gain	0.0356010105733721	0.108483894382025	0.524396379810245	0.141839799026127	0.189678916208231	0	0	0	230
PD26424_2_chr9_chr9-204850-119304002-gain	0.0459975988954491	0.0300745827321857	0.0535550007080572	0	0.870372817664308	0	0	0	82
PD26416_1_chr9_chr9-32934762-141068960-gain	0.0752204364235654	0	0.711821218527779	0.212958345048656	0	0	0	0	75
PD26416_2_chr9_chr9-32934762-141068960-gain	0.0429320181954071	0	0.695968865162104	0	0.261099116642489	0	0	0	12
MMRC01Q1BM_1_chr9_chr9-89245979-125775860-gain	0.0317432804264121	0	0.729578929484223	0	0.238677790089365	0	0	0	67
MMRC01Q1BM_2_chr9_chr9-89245979-125775860-gain	0.000000174366154783207	0	0.999999825633845	0	0	0	0	0	15
MMRC01YHBM_1_chr9_chr9-203937-141006014-gain	0.0623364507607201	0	0.93766354923928	0	0	0	0	0	96
MMRC01YHBM_2_chr9_chr9-203937-141006014-gain	0.162593853203355	0	0.132649425784196	0	0.379864274220487	0	0.324892446791962	0	31
PD26429_1_chr9_chr9-101939607-141058424-gain	0.110021748901387	0	0.725298184671806	0	0.164680066426807	0	0	0	65
MMRC01Q1BM_1_chr9_chr9-10200430-88754673-gain	0.0329737543669356	0.0517439002153058	0.636064455045983	0.279217890371776	0	0	0	0	72
MMRC01Q1BM_2_chr9_chr9-10200430-88754673-gain	0.0668658923504819	0.0461988028573512	0.167107199810627	0.195485559966569	0.524342545014971	0	0	0	35
PD26429_2_chr9_chr9-101939607-141058424-gain	0.140631222042593	0	0.485659359593539	0	0.373709418363869	0	0	0	13
