Signature.Subs.01	Signature.Subs.02	Signature.Subs.05	Signature.Subs.08	Signature.Subs.09	Signature.Subs.13	Signature.Subs.18	MM1	mutations
PD26400_NA	0.0311803548516115	0.0679193832289241	0.42060095608834	0.224194861328583	0.256104444502542	0	0	0	510
PD26400_6	0.0454368744311923	0.0336308834606006	0.373046526205986	0.173502975682865	0.374382740219356	0	0	0	5556
PD26400_4	0.0158729687211945	0.0998252672527111	0.618535380550759	0.265766383475336	0	0	0	0	991
PD26400_2	0.0141672245798347	0.124644614225106	0.582142266945988	0.279045894249071	0	0	0	0	504
PD26400_1	0.0341414929302658	0.135936662988713	0.44817919909114	0.381742644989881	0	0	0	0	279
PD26400_3	0.00000000260114808504384	0.0687219051380308	0.24409693699936	0.497114503014461	0.190066652247	0	0	0	135
PD26401_3	0.084355612918478	0	0.383271006444722	0	0.5323733806368	0	0	0	2898
PD26401_2	0.0988907811686797	0.0500632646596503	0.627707409941873	0.223338544229797	0	0	0	0	1620
PD26401_1	0.0959957111531819	0.054714610883393	0.603790335353542	0.245499342609883	0	0	0	0	2069
PD26401_NA	0.0575545937696779	0.0614042704226351	0.395391725227302	0.253400544135923	0.232248866444463	0	0	0	470
PD26402_6	0.0491310681427259	0.0468391702646528	0.417220328676074	0.200571293784624	0.286238139131923	0	0	0	4069
PD26402_1	0.0330113504338396	0.0996385417791606	0.601516856514847	0.265833251272153	0	0	0	0	756
PD26402_3	0.0404828431442639	0.08844428380483	0.525877960426758	0.345194912624148	0	0	0	0	165
PD26402_7	0.0312625725655388	0.0427366181711479	0.405154024202219	0.220402525429008	0.300444259632087	0	0	0	593
PD26402_NA	0.00435833949664866	0.0327614343968079	0.280553588933153	0.331661611377989	0.350665025795401	0	0	0	567
PD26403_1	0.000416223845643559	0	0.402297710210461	0.175715259189065	0.186946736371701	0	0	0.234624070383129	3105
PD26403_7	0.0732053337871276	0	0.465602886731994	0.125457179946237	0.335734599534642	0	0	0	5678
PD26403_2	0.00770012828006469	0	0.738029250457645	0.25427062126229	0	0	0	0	1248
PD26403_3	0.00179765409190403	0	0.512351770666766	0.351160485468193	0.134690089773137	0	0	0	282
PD26403_4	0.044204869945485	0	0.611047349922321	0.263464682301311	0	0	0	0.0812830978308834	173
PD26403_NA	0.0222027961593315	0	0.366582181053255	0.190965948983406	0.238363513723925	0	0	0.181885560080083	1069
PD26404_2	0.0832091721401728	0.0316028754985159	0.426433273105088	0.113818738325657	0.344935940930566	0	0	0	4133
PD26404_NA	0.0382374606534185	0.0546466580871643	0.329870543733102	0.143157277422751	0.434088060103564	0	0	0	174
PD26405_1	0.0000000697812470107167	0.0592306124725903	0.525247331233297	0.415521986512865	0	0	0	0	1049
PD26405_3	0.0568156822501417	0.0291071020300964	0.437671744216399	0.170087359422775	0.306318112080588	0	0	0	4005
PD26405_2	0.000000234284948768222	0.0505773367110681	0.366986774065944	0.384526977422325	0.197908677515714	0	0	0	209
PD26406_6	0.0323584810092824	0.0447668654739728	0.42974734728025	0.141594529764604	0.351532776471891	0	0	0	3181
PD26406_3	0.0119233309671211	0.138765739021387	0.550191551130695	0.299119378880797	0	0	0	0	339
PD26406_2	0.00577482649375248	0.140468547815672	0.681231677489727	0	0.172524948200849	0	0	0	931
PD26406_5	0.0000000000528169933362171	0.117229921707959	0.668985118975501	0.213784959263723	0	0	0	0	215
PD26406_NA	0.024367095789235	0.108113363402806	0.364033971097874	0.139169299025116	0.364316270684969	0	0	0	334
PD26407_3	0.0629046848375181	0	0.525601241794358	0	0.411494073368124	0	0	0	2300
PD26407_2	0.0131450900321784	0	0.652096814186653	0.334758095781168	0	0	0	0	111
PD26407_NA	0.00000285280960084945	0	0.473623413709277	0.201676210788783	0.324697522692339	0	0	0	164
PD26408_3	0.0989450198491235	0.0398887820932415	0.375592790756649	0.169464271575718	0.316109135725268	0	0	0	5004
PD26408_2	0.0575040589981801	0.0516551339370604	0.608625921460841	0.282214885603918	0	0	0	0	745
PD26408_NA	0.0741130891825285	0.0499000324623788	0.482030612363243	0.157222738990953	0.236733527000896	0	0	0	253
PD26409_3	0.0551104291733489	0	0.509889425234369	0.127692493503905	0.307307652088378	0	0	0	3843
PD26409_1	0.0373388184363049	0.0476022961393725	0.730385655518125	0.184673229906198	0	0	0	0	670
PD26409_NA	0.0392387922738996	0.0723833130023633	0.443481139148143	0.147885125366276	0.297011630209318	0	0	0	198
PD26410_3	0.0652731365251581	0.0753367756779616	0.470024987713215	0	0.283946187850279	0	0.105418912233387	0	5507
PD26410_NA	0.0387777472821723	0.115209233840842	0.397897526098085	0	0.336830348551609	0	0.111285144227291	0	254
PD26411_4	0.025729970707007	0.0482547725003525	0.235361466154397	0.200580529509028	0.151143281593399	0	0	0.338929979535817	3530
PD26411_5	0.0708605727241765	0.0343474298984111	0.461275036597414	0.118710602146525	0.314806358633473	0	0	0	4410
PD26411_NA	0.0416274192142234	0.0530629066003374	0.2388568223575	0.213812452449852	0.264963248143918	0	0	0.187677151234169	481
PD26411_3	0.0274399273461389	0.0451864383553802	0.226270333975558	0.332356182941543	0.131386502028295	0	0	0.237360615353086	470
PD26412_6	0.0747014848205336	0.0407703373675515	0.338047976514163	0.15027940678047	0.396200794517282	0	0	0	3221
PD26412_4	0.0534245393903968	0.10908494030007	0.631684311993543	0.20580620831599	0	0	0	0	1820
PD26412_NA	0.0546455498408152	0.0912045102830714	0.301558522431176	0.237803274234941	0.16987974627373	0	0	0.144908396936267	1248
PD26412_2	0.0182644513822411	0.0235038450062766	0.156079455163665	0.404648851972254	0	0	0	0.397503396475563	225
PD26412_7	0.0424108512141634	0.0841323344522125	0.617097010335686	0.256359803997938	0	0	0	0	2058
PD26412_1	0.0369035306792832	0.0408150405518273	0.199966007788182	0.274594298739016	0.115828864420631	0	0	0.33189225782106	154
PD26412_5	0.0157782045064242	0.0490743165649529	0.315226222382112	0.250865637056563	0	0	0	0.369055619489948	2187
PD26415_16	0.0418249498756118	0	0.306673052081007	0	0.505092327703612	0	0.146409670339769	0	3062
PD26415_NA	0.0557010929012872	0	0.289904675390029	0	0.496753476517241	0	0.157640755191443	0	168
PD26415_15	0.0315443431560583	0	0.747665555853323	0	0	0	0.220790100990618	0	210
PD26416_5	0.0839806513087481	0.0377625289882344	0.545383630063946	0.180185017721474	0.152688171917597	0	0	0	3304
PD26416_2	0.0143577586518388	0.0341584552410872	0.81212277396791	0	0	0	0.139361012139164	0	804
PD26416_NA	0.0188218953445988	0.0430464229092681	0.580650400761253	0	0.144147629546414	0	0.213333651438466	0	301
PD26416_4	0.00601038505597747	0	0.645664057638374	0.194227176864423	0	0	0.154098380441226	0	713
PD26418_9	0.0365763276531244	0	0.533874962321867	0.20535879596195	0.224189914063058	0	0	0	5421
PD26418_5	0.000000000000000947190917140339	0	0.303662805676623	0.541186021683129	0.155151172640247	0	0	0	507
PD26418_4	0.0000159871545659729	0.0584018835325558	0.671659745527086	0.269922383785792	0	0	0	0	805
PD26418_8	0.000000545964965577114	0.0608691147023423	0.636635289450023	0.302495049882669	0	0	0	0	721
PD26418_2	0.0000000000000000000000000291791105476862	0.0333505097169882	0.326619992320861	0.640029497962151	0	0	0	0	148
PD26418_1	0.000000000000000000000000316998685013414	0	0.329474927758843	0.498094713489739	0.172430358751417	0	0	0	579
PD26418_3	0.000000288672491226691	0.041181796336613	0.643746979572402	0.315070935418494	0	0	0	0	292
PD26418_NA	0.0000169817464310856	0	0.55410897762596	0.286125333099323	0.159748707528286	0	0	0	1058
PD26419_5	0.0460285695248381	0.170293350857689	0.441427024068677	0.236704738372772	0	0.105546317176024	0	0	7445
PD26419_1	0.0159179174421624	0.0649626036002853	0.573178942742556	0.29374925622446	0	0.052191279990537	0	0	1714
PD26419_NA	0.0286372864845154	0.124780367230077	0.4365407337808	0.322153510023664	0	0.0878881024809441	0	0	1127
PD26420_5	0.0549932165243194	0.0466130583384235	0.484941295340458	0.221926300368524	0.191526129428275	0	0	0	3141
PD26420_2	0.00000000000000000000000146235173606713	0.0454512237541395	0.38357644490688	0.298440646781542	0.272531684557438	0	0	0	183
PD26420_NA	0.0143138745282735	0.0475167408123644	0.428466481395722	0.241957136536507	0.267745766727133	0	0	0	104
PD26422_5	0.0696851994022738	0.0450732929180807	0.525545243856455	0.176491421418464	0.183204842404726	0	0	0	2417
PD26422_4	0.013652125895604	0.0445728802091385	0.437881575307219	0.167604897472516	0	0	0	0.336288521115523	1762
PD26422_NA	0.0244047907513872	0.0353270713259928	0.363525218852157	0.26606160397193	0.146190242604641	0	0	0.164491072493892	285
PD26422_2	0.0130654146800387	0.0548056585452534	0.726100930998655	0.206027995776053	0	0	0	0	157
PD26423_8	0.0739189487668667	0.0374152848218646	0.613224959840862	0	0.133397670598528	0	0.142043135971878	0	3567
PD26423_NA	0.0312846860522733	0.0555147531051854	0.141412483837974	0.193300705279374	0.202285640857919	0	0	0.376201730867275	813
PD26423_7	0.0137441431962851	0.0364891447664099	0.145917615293508	0.171548063806762	0.183677364360189	0	0	0.448623668576847	2903
PD26423_6	0.00771921878234638	0.0414808313070172	0.0362917482067434	0.12598567880885	0.255331111118955	0	0	0.533191411776089	1128
PD26423_5	0.00274198405076608	0	0.0579373703254648	0.200170341063974	0.274063048722258	0	0	0.465087255837537	420
PD26423_3	0.0281410586101583	0.0581550276099223	0.103820920881364	0.283862804880849	0.26236225732113	0	0	0.263657930696577	347
PD26423_2	0.0253467270113654	0.0918741144460758	0.216376979770111	0.215617915668933	0.218663293394967	0	0	0.232120969708548	212
PD26424_3	0.0326487808295584	0.0597003633299737	0.302696488537321	0.120357744936618	0.484596622366529	0	0	0	6774
PD26424_1	0.0114101411833347	0.080542441202672	0.561356070862865	0.188083509052056	0.158607837699072	0	0	0	570
PD26424_NA	0.0251255396695503	0.0634075005826951	0.305290407172982	0.146669741483088	0.459506811091684	0	0	0	359
PD26425_4	0.0514250062155033	0.0295926181484647	0.405562206907389	0.163294769103453	0.35012539962519	0	0	0	4378
PD26425_1	0.00679895999623766	0.0346369809831937	0.490113568841965	0.241229797059818	0.125474126087645	0.101746567031141	0	0	582
PD26425_2	0.00986374715763661	0.0343717246502132	0.331776641908872	0.293331254961541	0.216840909707238	0.1138157216145	0	0	443
PD26425_3	0.0130434987081949	0.0568537460259636	0.559709605698649	0.235436792297883	0.13495635726931	0	0	0	269
PD26425_NA	0.0321563727894489	0.0673873290080311	0.39319699346321	0.147523628437854	0.239014066967398	0.120721609334058	0	0	423
PD26426_2	0.0566098385710537	0	0.481259516100944	0.177175486425424	0.148373339146472	0	0.136581819756107	0	8378
PD26426_1	0.0185304054407855	0	0.224431708784982	0.212828141557737	0.181414069904516	0	0.362795674311979	0	369
PD26426_NA	0.0272821903548357	0	0.605976181190436	0.26928014583572	0	0	0.0974614826190087	0	330
PD26427_4	0.0639392263721578	0	0.437194465755919	0.087045101738126	0.411821206133797	0	0	0	2807
PD26427_3	0.0168072274417063	0.0662222419393642	0.531396077535385	0.385574453083545	0	0	0	0	1259
PD26427_2	0.0138675656248625	0.0506209467121397	0.480861767439059	0.454649720223939	0	0	0	0	415
PD26427_NA	0.0178607797312579	0.0293821128688917	0.281199651155422	0.27287707919521	0.398680377049219	0	0	0	591
PD26428_2	0.0548045004317614	0.0544383863764755	0.422468151282893	0.24936489283913	0.218924069069739	0	0	0	2413
PD26428_4	0.0597338285814229	0	0.239263286844158	0	0.701002884574419	0	0	0	1300
PD26428_NA	0.0508413042277205	0.0332471311203217	0.228131625059508	0.305620268237409	0.382159671355041	0	0	0	186
PD26429_1	0.0784143928250595	0.0499972659234261	0.541313304666688	0	0.330275036584826	0	0	0	4398
PD26429_NA	0.0577663323500665	0.0522748825418328	0.495020956196051	0	0.39493782891205	0	0	0	205
PD26432_3	0.0750157042780323	0.0189252399536238	0.278764939122761	0	0.627294116645582	0	0	0	6537
PD26432_2	0.0464854514426664	0.0642183875722109	0.687595956861835	0.201700204123288	0	0	0	0	476
PD26432_NA	0.0485368702055346	0	0.286282387123852	0.0793359069961114	0.585844835674502	0	0	0	415
PD26435_5	0.0222781232122319	0.0205785570182024	0.536351056540166	0.28628030779726	0.134511955432139	0	0	0	4638
PD26435_NA	0.0214754311757106	0.0418683723347987	0.523770914421953	0.315748815343584	0.0971364667239539	0	0	0	583
PD26435_3	0.00530228690481331	0	0.589142219470784	0.405555493624402	0	0	0	0	615
PD26435_2	0.00653288884561889	0.0327291641342066	0.429208831040594	0.503011396852831	0	0.0285177191267497	0	0	108
PD26435_1	0.00821045800789203	0	0.633219184164555	0.318261623191439	0	0.0403087346361145	0	0	1613
MMRC006BBM_2	0.0162859240955354	0.29861143909192	0.517943230932059	0	0	0.167159405880485	0	0	14896
MMRC00GABM_2	0.05904133472655	0.0721758809904665	0.473503035768959	0.144610480100509	0.250669268413515	0	0	0	3487
MMRC00GABM_1	0.0209285524519256	0.0925283436598269	0.503440063823769	0.140442594173325	0.242660445891153	0	0	0	1073
MMRC00GIBM_2	0.0414454607794024	0.0273373618814293	0.465285556026195	0.293700673323273	0.1722309479897	0	0	0	4900
MMRC00GIBM_1	0.0244414546901276	0.0434289102323333	0.331439593780825	0.358770245977108	0.241919795319605	0	0	0	311
MMRC01LGBM_2	0.046280248373115	0	0.495324137007381	0.182591338953697	0.275804275665808	0	0	0	6067
MMRC01Q1BM_2	0.0408804496981746	0.0342896425192907	0.439464121244341	0.17548358823733	0.309882198300863	0	0	0	4834
MMRC01YHBM_2	0.0915881964773096	0.0353563469842375	0.533330262196255	0	0.229130343702419	0	0.110594850639779	0	2766
MMRC023ZBM_2	0.0322470622269637	0.0471912272361359	0.321956851355624	0.128601497494823	0.202748769543157	0	0	0.267254592143296	8102
MMRC023ZBM_1	0.00957837295424945	0.0356724132614155	0.467528505974306	0.239123323943611	0.248097383866419	0	0	0	1151
MMRC0244BM_1	0.00000943056845069105	0	0.551585903658091	0	0.448404665773458	0	0	0	334
MMRC0244BM_2	0.0590425835733229	0	0.472061402970003	0	0.468896013456674	0	0	0	4963
MMRC02G7BM_3	0.0203512967795002	0.128034025641866	0.447607798565236	0.231104871847414	0.172902007165984	0	0	0	7283
MMRC02G7BM_1	0.0313135011397155	0.0853962752601386	0.403585027983329	0.263128588102403	0.216576607514414	0	0	0	185
MMRC02GIBM_3	0.0493706710345103	0.0409795193774965	0.424296689857923	0.112725573446191	0.37262754628388	0	0	0	3726
MMRC02GIBM_1	0.00102359988572402	0.06595605926177	0.396952065163698	0.14870502465662	0.387363251032188	0	0	0	449
MMRC02GIBM_2	0.000259454311910644	0.0513126987691327	0.611981629307592	0	0.336446217611365	0	0	0	209
V0D56U_2	0.024532401757561	0.0734246146769905	0.534203508160057	0.141032676307281	0.22680679909811	0	0	0	4590
V0D56W_2	0.0298458319388433	0.104450309691865	0.427637445241812	0.164574335971143	0.231023430775785	0.0424686463805528	0	0	4615
V0D56W_1	0.0154063690911135	0.0937771537626475	0.44079053177669	0.2819257425634	0.168100202806149	0	0	0	528
V0D56Z_2	0.0798609787217998	0.0370013749724976	0.384588292794994	0.141179777894423	0.357369575616286	0	0	0	4043
V0D56Z_1	0.0435996116229392	0.0378575238621585	0.201574451569241	0.249488576182632	0.467479836763029	0	0	0	106
V0D577_3	0.037344991257344	0.0386895294111625	0.477727879787423	0.187515866405516	0.220986536749796	0.0377351963887584	0	0	3747
V0D577_1	0.0118766575502592	0.083839406644769	0.358826495610566	0.311470920001007	0.168471215598954	0.065515304594445	0	0	596
V0D577_2	0.00116568301734586	0.123407174207128	0.535522473979408	0.252256012151018	0	0.0876486566451001	0	0	739
V0D57C_3	0.0271071057704195	0.0266362605355078	0.347863114996797	0.253806000258483	0.166047920628251	0	0	0.178539597810542	5073
V0D57C_2	0.0000000115922851151071	0	0.338178861321416	0.323514188874232	0.221622139896048	0	0	0.116684798316018	289
V0D57H_2	0.0184056725847573	0.0589912302988327	0.493372326302012	0.429230770814398	0	0	0	0	9914
V0D57H_1	0.000129898889139399	0.0256693944911811	0.308878244564145	0.400713551947114	0.264608910108421	0	0	0	702
V0D57M_1	0.0543736590291797	0.0688024500243032	0.488343090602523	0.137980158851738	0.250500641492256	0	0	0	6380
V0D583_2	0.0317138026011881	0.0273638554080393	0.503508694469257	0.225467533547784	0.211946113973732	0	0	0	4232
V0D583_1	0.0251272621410965	0.0835048911209972	0.38024242671224	0.248915351530811	0.262210068494855	0	0	0	126
V0D58G_3	0.0411277382984392	0.0855821250375401	0.432247024471453	0.248578354126763	0.192464758065804	0	0	0	3955
V0D58G_2	0.0198336596411445	0.106706990859003	0.42815808184299	0.247511983290239	0.197789284366624	0	0	0	1468
V0D58I_2	0.0351315335832486	0	0.423392727011308	0.251791290215291	0.289684449190152	0	0	0	3418
V0D58I_1	0.00804084472709018	0	0.404710255900967	0.381995103037144	0.205253796334799	0	0	0	1713
V0D58I_3	0.0447157778061676	0	0.391767497835646	0.23541469577708	0.328102028581106	0	0	0	837
V0D58T_2	0.0466324280085937	0.0714121474846426	0.320638779526318	0	0.265027613484943	0	0.171401504855043	0.124887526640459	6165
